214.74823
27.620256
393.23456
62.301537
91.320625
24.147491
46.647804
34.888046
142.00192
12.271393
65.01405
77.0868
77297.125
66.90966
96.45003
34.533955
123.60063
23.765638
39.558125
424.04657
20.934097
156.64243
20.60722
90.099754
127.60979
18.059484
29.595514
104.748795
70.184616
31.991327
15.499696
108.33361
26.429127
7.244579
97.026306
51.106956
15.454567
151.17929
377.5516
304.59128
690.5438
1324.8885
36.671036
855.666
309.42224
33.32704
804.65796
331.86398
70.150085
14.137786
147.69392
27.37037
1965.1136
43.37151
11.320776
40.659473
736.8853
20.40336
61.40731
1065.525
24.735184
482.43463
63.709496
49.293938
223.95596
47.54278
88.319405
132.86356
515.6878
39.558258
161.86427
7.070067
25.307821
100.596634
60.41678
1399.2184
29.420843
371.38358
87.8515
16.006021
16.319391
6.039414
12.503485
23.923521
1760.7556
1089.3336
27.792114
298.81317
46.685654
392.69266
408.03445
64.92514
11.75238
14.031513
407.86075
45.14962
58.99764
21.99127
23.096188
38.8292
9.859436
654.5549
1123.7134
61.13009
192.99197
21.324211
266.9775
9.567291
159.91565
172.94237
65.87025
17.356283
831.3664
66.93325
345.0591
215.46046
898.3845
9.267651
383.61734
35.022717
23.888126
23.11991
17.314358
1142.2015
43.00799
170.86314
76.816956
476.0766
190.2269
117.50775
65.57485
22.62243
447.3964
92.845
628.0982
131.38431
23.647352
18.140882
19.199877
62.19287
228.65182
29.219908
23.165585
247.82338
115.5104
166.27843
591.1454
24.025496
8.95612
64.819374
545.63904
659.0814
190.17773
141.80305
307.98117
59.239624
8.706786
33.68588
49.862663
21.617281
230.87454
748.09564
193.38228
642.869
87.379906
37.97034
54.903343
415.96594
502.92822
7644.4067
521.65137
15.308235
40.43757
7.7436028
531.84186
159.28908
3633.1763
34.742
35.14129
8.331282
47.43549
24.48339
163.7359
11.205956
589.70557
33.651745
36.666023
444.41037
30.34439
358.8175
29.311138
28.152052
18.591566
69.58267
237.68999
271.15967
7.994892
28.526403
49.768147
1848.0421
408.57162
58.59043
15.353606
12.728527
949.28094
48.591637
31.868282
131.45398
1883.832
452.3856
25.243937
47.51599
55.882915
87.49857
27.130278
47.98857
95.63011
813.74133
45.075104
28.052963
152.71727
65.548744
55245.082
55.075718
82.98977
179.66765
245.79785
20.898108
61.808895
16.851059
241.0538
41.837517
65.09946
18.354244
77.569534
8.51372
17.362144
48.35072
404.26166
138.35535
20.422916
9.486869
54.10256
41.82177
9.049348
31.172989
18.049017
778.44403
181.57716
13.766458
42.46122
710.1156
1039.0232
679.1222
30.198885
55.18952
151.55692
23140.516
896.9069
13.119299
877.07184
75.32877
38.507824
38.662956
32.3146
22.260115
47.43461
10.907177
229.37758
28.396036
220.14703
695.9598
49.910606
2512.2324
49.703793
53.04266
35.745064
34.885593
24.282146
462.40744
8.813002
62.92844
184.36325
1515.505
500.97754
356.77188
8.819316
24.223877
20.674791
61.061398
63.67226
31.450218
164.21808
706.0686
21.444727
14.64581
340.8992
29.520836
62.82099
37.64812
52.52835
62.059685
37.881393
210.68813
22.797934
27.144712
144.61993
42.09999
9.857688
276.0379
92.43071
159.50311
223.88988
10.608845
7.6924815
1055.0353
151.32367
29.734394
1378.3967
46.487682
32.420887
192.95
29.528873
112.64488
28.955648
25.410852
106.37846
45.982754
95.00992
13.989922
29.27885
22.202951
11.789164
7.0773573
65.90148
363.57498
253.38841
457.551
55.669453
69.50816
273.32877
12.906606
893.9587
70.97706
68.84813
49.00932
474.25674
35.688427
56.366745
191.2573
17.36045
85.9924
65.862526
86.517296
6.2738476
645.0556
262.60815
218.6485
39.468624
29.193655
14.185538
357.97995
92.667336
8.21529
826.3084
69.8781
11.263296
29.75623
5.4092975
199.75487
322.17395
22.73072
13.747756
64.951614
10.390692
47.49009
22.448792
26.961622
1423.8108
574.90985
85.71059
60.885468
12.81605
1190.1411
1315.4636
28.109652
148.41628
527.35944
208.72691
15.788466
40.762314
224.36021
59.642525
9.064487
118.70052
1201.0878
21.067562
244.10037
20.895552
23.41008
723.16425
48.418274
705.78754
80.46468
103.348656
306.46597
17.8049
32.095345
275.069
648.5058
7.841492
307.7903
60.992313
46.302612
60.188816
36.493378
772.282
84.56359
14.240958
32.446613
4.0521164
29.544931
11.712799
93.61149
381.89752
72.22368
39.73361
1027.1053
44.46317
869.1628
6.8299494
64.30808
94.61514
292.23184
19.410679
34.86311
6.5880814
557.5994
46.372787
445.25815
8.679315
762.1168
18.412529
11.718547
825.7014
142.21625
21.238775
74.38729
28.388494
231.38681
543.07007
209.6207
837.3334
40.20617
577.68396
46.65679
45.453075
17.82352
80.29761
69.15366
9.403314
20.507832
17.688873
29.748787
27.96345
98.738495
832.33746
37.733803
679.16235
40.03282
74.68193
14.926025
83.02654
27.672525
32.274643
15.040918
6081.102
68.44959
228.03131
38.15513
688.80945
37.48474
31.815794
670.2002
17.663261
40.94802
1441.9075
321.26395
821.95074
12.917177
23.986174
52.052563
11.662607
402.49957
116.28221
15.670292
100.76322
19.757618
103.21533
137.72864
81.9307
1374.1207
27.571028
9.943419
50.05869
69.28965
2560.734
57.922134
8.571956
36.975033
82.36464
19.605354
405.41202
6.634221
10.463036
1566.7775
398.4649
1085.3185
763.1339
13.366282
8.062189
298.94757
66.93966
103.6289
145.29774
77.406334
133.42334
18.247063
51.22939
26.391216
358.1114
81.43965
794.2916
204.63931
46.89099
13.015447
4378.717
606.7474
631.2111
3324.76
16.012854
35.085983
208.87497
322.62823
10.494052
140.3048
458.93066
195.40773
766.2504
306.767
31.634588
22.97667
1879.8093
26.663385
18.344086
31.41433
21.801434
246.03436
1180.035
25.830473
53.582977
38.01952
219.40025
63.392067
127.498055
24.737778
9.157757
57.0564
28.600407
53.48316
28.230019
677.25726
36.086494
679.5213
39.729782
51.34265
98.249214
2105.2214
27.066961
162.01808
89.23662
31.325083
15.044495
33.117268
30.242035
111.09554
79.29467
236.12529
16.142405
11.903973
1271.5266
28.398907
172.181
53.936005
11.885944
4.265617
24.88533
189.31042
68.99727
1324.7192
27.262943
303.1886
143.86879
29.494694
18.127266
1833.0293
9.102517
2575.5918
89.49554
54.669292
11.752911
138.30515
823.48267
916.5601
22.797934
54.57959
477.57657
147.99065
11.648416
148.68835
17.946129
17.638279
487.5805
847.64154
293.6526
54.482265
80.065605
122.270325
44.640625
181.67285
40.37935
18.446085
33.95955
28.84798
63.9158
296.90375
36.45828
9.207138
19.174053
764.22675
109.67502
16.577171
823.5062
83.51247
268.1119
50.965054
120.655365
2331.2344
257.8787
36.01298
29.556314
1274.3807
108.845505
536.0576
8.516853
355.97562
351.75522
23.574583
122.22929
35.42362
40.501682
36.49859
77.524025
7.942845
22.02703
127.54999
86.395226
116.51598
14.639578
42.44515
31.51444
13.20345
13.731936
438.78818
24.503572
117.54519
26.066174
31.251112
36.375786
71.68925
152.45912
30.365515
61.340706
484.12772
9.697135
1451.1696
418.50937
11.798515
49.85148
213.3255
43.36205
637.3441
38.345142
53.960285
526.29205
86.92316
75.42334
54.497913
86.14671
222.65616
19.998009
44.757263
6348.9116
596.2703
462.6838
27.759201
27.770033
66.27794
954.1321
235.26462
122.818954
45.88851
50.81669
157.38916
967.1964
10.24227
1792.2322
14.930061
549.92957
31.926575
5.596939
35.05645
703.8792
200.46556
49.89278
54.56456
64.50178
770.0235
373.45898
170.85736
115.53706
64.57533
4.2644415
701.43835
23.253242
25.49123
155.80763
53.947796
44.404778
208.1976
1206.3741
79.21323
494.8587
8.301407
6.207727
15.1872225
8.746255
1351.2748
583.9263
13.6656885
89.59622
995.5074
246.34721
23.883587
50.61821
21.22497
2440.7607
74.04572
20.021017
25.10169
61.01337
24.066135
1279.23
72.40713
459.743
40.085857
28.951405
79.44219
77.72123
21.061796
14.050698
22.358372
61.572414
901.11487
34.747177
17.71006
33.247517
65.751915
29.28419
22.153616
33.648407
13.755571
341.77258
26.104788
136.47925
66.05403
2027.8816
67.83399
201.50433
17.32354
20.551176
46.72296
43.98513
18.668488
46.042248
34.007645
27.073473
524.2777
76.66974
48.799686
149.17076
32.113575
31.325321
76.21044
48.65752
476.79044
22.275688
47.801422
386.55237
46.75671
576.656
393.63754
466.83844
20.323582
507.2925
29.573515
346.09296
821.33636
2595.998
102.25108
19.345005
54.626587
235.7691
9.477673
1841.6802
6.151069
62.987404
19.660166
370.47693
77.569244
148.78508
72.15218
382.302
35.183163
479.08762
314.317
1170.1531
56.495613
11.549836
190.26907
209.18834
1401.6704
163.47977
953.6777
66.40229
9.5562
8.412998
26.524422
32.33965
1920.8169
1382.5907
275.33383
308.305
137.74605
34.58396
438.20712
42.768074
512.18195
41.868454
66.038826
292.6379
19.075888
24.35836
36.189358
241.08737
361.9119
66.32141
123.492065
370.89478
148.47241
20.667627
22.245579
419.3042
145.18028
33.418728
15.970711
1912.367
174.39363
530.9839
156.24057
1085.788
47.85619
74.95542
66.510956
1568.1722
22.063728
76.77386
18.664215
75.70298
10.3486805
58.182846
43.303314
38.60061
272.02206
4.278426
281.83054
24.356457
178.53732
32.36915
1095.6029
287.71188
123.82486
71.99657
29.224981
43.078976
344.03278
10.50673
13.789854
1920.2272
1047.3977
223.48253
23.361647
247.81487
32.462692
110.6562
264.01852
41.673367
29.743397
12.986995
9.500482
143.71567
43.20442
62.354233
988.59204
630.86237
7.0439606
27.886026
17.08779
23.8985
13.304182
413.90744
103.426834
67.36296
95.28636
38.916393
68.97329
202.19049
16.756042
29.444422
194.34337
229.9261
62.911644
20.03708
28.66101
358.86353
28.787472
136.1534
10.283217
245.82457
45.56382
56.422573
8536.13
28.700165
47.485867
15.313134
79.68226
230.3388
73.006836
91.99733
22.72917
36.139503
674.149
92.48361
46.062317
26.732342
74.57873
302.6677
51.94961
302.43298
52.84268
6.6214514
99.04732
16.640045
530.731
184.61748
51.05209
120.409256
1518.0718
541.9851
1348.2253
1171.0759
70.552505
66.44879
244.06302
55.02726
102.31029
94.91967
17.083609
60.038326
31.959415
1485.2552
277.56396
13.38265
137.30104
3039.5144
83.51959
685.0373
78.405396
294.2949
27.477957
576.75525
357.9132
234.97012
135.56168
64.26278
111.779366
551.1681
73.91682
141.82388
17.181196
52.077084
204.45624
19.136827
401.09787
1215.8573
621.562
472.80737
73.0897
6.488208
21.726852
430.2241
195.5924
27.930801
257.54962
51.554752
44.607224
88.26649
1061.4904
22.872538
192.22792
34.831554
168.29286
1339.2849
7.400426
5225.307
30.097643
100.85667
35.425575
390.2133
1461.9907
169.04518
640.3471
14.240958
63.78719
20.525122
258.3045
20.360176
369.15222
40.4973
34.37121
109.28902
612.08026
77.864746
518.4416
10.9200325
642.2216
423.76782
52.57039
29.53143
32.65373
94.43904
107.96654
14.198976
21.316626
50.05827
1181.3931
55.58553
7.7540836
63.27465
84.34621
748.1638
57.105907
10.921394
15.70633
787.0
3576.9006
23.416958
189.6562
1337.4738
30.54496
47.92607
603.6503
59.093113
299.90076
557.1078
127.19068
132.40219
7.908192
59.062073
54.3266
235.15662
73.82044
1136.178
20.629417
1445.6458
22.552683
5.07508
19.327421
6.816007
543.13354
89.85344
344.53644
7.060802
974.6902
375.09393
27.016756
17.56006
78.769745
1018.985
4.8592443
28.557884
18.904625
122.78939
14.157412
152.72185
96.58359
252.64305
22.455215
41.83283
20.80098
874.0024
74.72236
18.187815
740.07355
467.27606
376.5818
12.171395
285.28986
62.05415
1918.6565
49.753193
133.96687
625.8927
126.06386
65.302605
12.917913
310.17593
23.736101
125.33185
123.11883
29.8802
40.57369
51.110172
89.721825
972.21796
9.718513
15.708641
19.532091
189.47182
32.90861
658.6966
41.23729
68.82105
1894.4841
69.737656
381.1689
53.712482
15.0041
346.81982
414.79242
152.39066
315.80322
755.33405
430.65063
584.38873
325.08545
13.884979
554.1222
137.73611
1047.1075
138.08769
253.4145
92.97556
90.152916
814.59265
93.06392
129.78732
34.128304
167.64012
13.90984
108.92531
15623.364
11.664437
242.4336
889.4278
66.11539
50.13696
24.805422
322.70132
335.05487
151.81609
285.6615
18.530952
23.239359
191.78085
1225.0873
51.467827
62.34799
834.0219
310.95297
58.152637
482.92786
296.64236
29.801044
1480.613
23.31952
498.37952
30.308289
75.981735
1408.5829
1101.4436
25.461794
765.45215
73.31163
17.21832
564.80804
26.617256
47.454517
9.141505
53.189133
342.74036
60.063263
358.25195
141.97214
88.69388
49.070187
987.17926
620.2815
24.04516
19.282469
360.05566
47.715298
94.49458
1268.7715
317.30438
300.05124
36.03477
785.16736
44.819637
454.18
262.7127
96.20874
24.373686
93.30399
149.90019
38.954
23.078142
33.285187
29.115005
16.213339
361.37042
21.800732
34.605366
375.08713
134.18828
8.14748
319.74878
14.733229
9.727929
81.5382
38.248417
6.9408164
15.066671
412.09018
10.422937
2504.0903
204.66537
126.4906
75.23142
5.5287523
19.388441
59.76765
5.551549
645.6123
9.018589
419.37238
50.474705
6.518255
10.537998
1077.808
79.431854
74.426
12.40746
338.5093
421.3801
49.84089
7.4899273
20.208822
33.472904
689.8389
134.68823
1626.5842
79.9101
340.2339
98.28515
122.74893
1577.396
673.8874
37.691376
1497.5367
40.513126
30.528244
131.68442
403.97858
410.4182
11.826427
27.897943
369.02798
126.756325
136.46472
109.8236
21.510147
4.4447975
19.04776
620.3738
16.344355
135.56982
40.28416
159.36209
8.081497
1891.7166
112.31851
695.5438
201.59843
23.891903
1005.9841
17.978569
11.697229
910.33026
81.505424
408.72418
610.38745
105.034584
42.985386
181.03767
5.9156017
31.58316
212.97942
39.646786
21.756155
12.563671
331.24362
55.155693
105.1117
26.429949
578.34845
78.821785
70.58373
23.68295
15.260956
291.3043
1037.7399
98.9104
1296.7803
85.91628
62.103527
24.116652
47.253372
10.697893
52.85754
86.35346
30.907904
11.9384775
973.24115
8.4974575
1179.1774
108.208466
20.260134
272.5695
16.604834
235.63882
20.476503
576.7237
75.636116
15.947546
30.873348
21.285631
171.48863
1445.845
9.443595
634.3114
41.37713
158.8921
397.36044
57.717922
40.487617
8.373862
222.1952
143.33632
43.38687
9.105855
21.839718
4651.994
96.617355
25.895336
48.5465
40.31428
195.57599
561.38513
8.11954
121.084915
19.832375
529.6444
390.53363
55.926685
43.396233
26.98312
936.6972
16.9174
410.9268
35.461887
1032.1111
53.323936
1103.3016
12.33366
8.177062
25.484148
209.1569
344.8604
42.169453
48.07263
595.43866
247.53697
30.70602
272.6099
151.65192
52.0709
501.48523
83.15511
77.56462
88.09783
172.77315
1364.5289
112.7364
72.315315
127.99402
61.910362
314.36823
20.704977
19.253344
59.81036
20.564817
53.579872
56.548977
15.476577
49.31062
101.99085
12.513514
579.951
75.980576
57.244514
630.91205
27.19002
24.35836
36.99441
14.369573
13.617707
49.25004
122.08861
421.8761
19.980875
16.344355
42.718742
8.634483
44.469883
910.0321
505.04593
22.843403
304.02957
9.182064
19.991386
137.76746
509.12698
189.5724
34.324566
16.756096
332.1081
1509.0266
203.49188
16.109957
32.47119
98.94304
17.12069
51.000134
77.47258
72.77452
6.964539
29.93771
43.89989
404.45813
45.0357
43.519882
57.382664
13.253959
318.78134
20.941788
36.77585
175.33492
166.19092
41.32935
223.53072
13.895662
17.75174
5.7953362
462.7745
88.52052
26.697927
497.90707
97.19611
6.585539
8.566607
36.066074
67.8736
5.5920644
136.42523
14.032452
20.626999
58.150894
229.66235
297.86942
740.05304
21.079395
756.54877
29.5113
65.22943
426.7334
34.59582
54.324436
170.86755
71.521805
9.797001
20.40395
30.238647
4.863973
85.309654
41.255493
1027.9467
665.22437
137.02287
41.878803
393.63754
554.8839
95.948654
60.759827
32.477604
30.194628
14.1026
186.1502
19.792559
79.37551
28.67122
33.763824
19.861618
1066.9475
28.79908
510.3462
43.230766
37.861816
648.7454
253.50056
219.21056
51.5932
31.793787
16.305391
19.422956
87.80296
1789.3579
495.63068
65.36273
20.549011
43.246952
25.715641
4714.6514
16.842455
14.211687
212.8649
39.773205
205.03255
114.531784
38.73485
128.09702
399.88123
45.203117
38.539223
25.42128
331.56805
64.87417
38750.445
44.388924
54.99442
6.3651633
144.4639
162.53003
553.40424
257.7405
72.15927
6.498416
135.71289
24.418007
60.69826
42.343494
694.5402
67.63423
48.18955
9.453291
37.637188
30.607777
15.788237
898.35144
35.658268
33.10176
10.448418
126.91073
138.81674
31.733492
2678.433
82.12369
54881.07
46.14193
74.22215
18.558954
101.212456
7.840507
83.45406
51.28261
1646.1166
12.003808
1337.0497
63.278996
8.55245
27.225815
45.10367
268.8998
10.323158
7.5740056
44.442833
56.161884
33.326145
1459.9203
76.260826
123.670555
27.606575
1065.7532
252.68484
80.16168
41.982445
343.48248
198.49223
378.59705
36.765057
130.7631
18.789614
116.73894
211.7928
22.80425
296.36273
9.517091
39.15508
1375.5642
596.2183
107.60763
200.98213
281.7718
29.714386
498.50238
45.015564
22.470516
19.709116
68.66784
7.3007493
7.616771
86.167786
40.03178
18.779224
613.6449
51.02553
223.04338
42.857662
445.86154
99.65865
24.969675
36.411213
22.748508
88.926285
181.35684
407.6562
45.322945
13.874192
588.7164
48.400814
20.433544
324.16583
41.690296
61.460037
162.99873
22.788706
117.03919
18.869417
509.1651
439.33124
291.74106
362.1484
536.4742
431.4117
49.219414
85.65188
11.876818
31.199787
229.15993
474.2538
1659.968
53.732735
119.84881
303.28342
27.964884
26.728313
117.59367
55.331287
25.647192
48.02927
76.97364
331.3847
1297.4216
25.580044
13.195127
863.2654
90.02232
65.704025
165.87535
231.576
265.81482
134.55823
15.729613
28.633438
24.246302
146.5827
26.230608
1499.9258
81.25629
35.118874
37.220097
1427.6129
40.894115
3868.3962
9.75089
26.047903
363.65683
70.56751
27.05037
257.60745
268.10562
354.8232
5.66197
446.13614
6.498416
38.741028
109.826164
1441.1569
31.802187
28.996258
40.801273
31.727188
198.84758
115.06922
15.289396
6211.3154
210.98007
6.747042
424.22293
50.551964
43.98067
150.10483
8.59693
11.808596
244.20038
38.569065
1837.3811
67.38221
1451.1371
132.10504
20.605898
1434.583
206.04095
7.4615526
13.80855
473.81418
1268.8732
41.98202
700.92444
115.431114
20.717102
13.364919
54.828857
35.859985
40.126038
351.9339
4.0807667
54.77393
791.0305
1094.6097
1296.0829
50.255104
78.92284
19.958397
28.495401
21.779032
8.412998
241.92964
85.90695
80.94159
67.86654
321.71036
17.629162
1291.727
674.62555
79.95016
62.230457
32.81298
93.6243
119.11716
64.556366
13.664056
24.22665
29.982925
122.03844
53.045155
1060.1094
52.70983
13.445632
823.30286
836.4115
71.12546
22.78487
42.720055
197.62988
85.573456
133.82245
663.90204
702.7064
392.5513
72.45977
250.90073
57.16285
115.06292
14.666495
489.97696
27.19603
37.906067
170.10274
62.215477
310.0807
107.165726
23.764217
1070.2332
63.712257
1989.7288
1363.9935
18.428925
811.9769
10.802756
14.57338
763.1769
10.598124
234.65268
14.770496
5.506482
20.708086
18.295334
4.265617
59.949924
117.2665
920.03687
36.517548
30.32271
19.21547
87.03833
993.4328
288.32855
2199.7905
321.05505
17.270712
56.96033
53.85912
45.409725
62.68078
33.485714
1555.3656
24.590757
7.6775866
52.84331
52.83608
152.11609
138.32573
40.0514
453.8574
132.26671
22.106236
15.579603
239.56325
56.024643
3645.8347
34.3153
310.4087
340.2191
6.2007318
114.79482
1183.7495
79.83123
44.161957
825.9098
46.30077
57.583797
634.0008
102.380714
56.047916
21.719084
152.5912
251.65953
18.193947
25.748255
395.11713
937.206
1351.3198
144.84526
24.916124
55.417606
199.3461
91.37725
1018.1506
211.5206
34.74157
62.824345
357.64056
209.84341
64.95363
963.3788
5.7474737
56.097004
54.90821
129.37619
52.982887
41.98959
252.84154
43.03626
54.167103
33.19624
821.02704
6.6112995
33.01741
64.96001
23.895372
96.42938
121.515076
94.45048
14.585829
127.21597
19.386856
23.080345
271.40454
91.17287
254.91321
31.197845
96.69884
51.548702
30.641912
114.08337
318.49265
75.17175
101.130775
130.6878
34.33703
4.1442146
44.697845
13308.112
6350.056
1171.3081
390.58707
397.38715
23.278254
711.90704
401.47464
161.37259
64.662895
54.02612
11746.217
1382.2136
771.12354
12.972202
78.92001
33.353672
760.08044
30.726583
971.09344
20.975933
8.739172
26.282393
12.804268
30.291391
353.971
11.49849
19.759813
12.601486
9.13123
8.902087
83.187515
36.358692
310.47412
11.634621
28.720823
23.132305
65.52681
558.219
12.076616
841.91113
72.51358
28.330557
22.694872
48.191936
29.252007
83.52329
1810.0989
73.64947
58.010395
17.671038
24.60014
16.048819
31.332836
61.866688
180.76544
153.30804
88.76936
2813.289
23.854002
1747.1641
35.940033
230.65381
32.86168
989.8293
293.82162
128.6012
36.907276
82.38722
14.596571
46.320564
64.80646
282.70984
38.375736
719.1488
259.12253
2419.1096
10.956818
15.66706
30.168674
12.941789
12.729713
44.2467
126.12706
36.06261
386.7109
31.050022
11.534072
14.571945
27.677483
33.78492
45.7315
31.543795
30.262909
5.005326
62.621563
381.07513
522.1897
72.51894
23.070255
120.42901
456.45316
30.24541
78.41317
8.385885
13.820359
101.70165
36.336094
36.275085
34.454117
702.0179
260.466
91.921776
33.023403
354.38666
82.35513
39.856552
41.254795
20.178537
9.640345
33.083706
16.947428
94.0753
70.901596
895.67865
37.799473
325.77942
27.763796
369.0076
12.127426
14.350527
87.9108
218.52748
35.252113
45.313923
36.60387
38.79255
30.380863
27.34809
49.807743
20.780241
25.829002
60.017685
9.960681
41.600815
705.99756
192.65839
22.569956
13.858674
1264.0613
485.37796
31.89316
735.59094
46.235264
18.651026
24.983198
49.224438
135.66243
2149.0835
454.27094
123.28402
78.06971
48.047173
50.865837
1000.73083
162.54776
19.19411
32.584072
10.829394
80.94646
22.549978
78.451614
60.010044
62.610367
12.250063
45.438835
18.52331
48.358757
218.40198
625.8237
158.93068
69.18272
13.351793
386.57373
1038.4357
162.82184
29.690212
50.193348
22.640238
1671.5934
937.0366
368.8811
5300.2593
183.39247
191.41852
15.265127
1163.84
222.07605
16.311716
119.79893
55.093212
68681.92
35.173794
16.886206
101.41381
12.53019
26.31361
31.475828
199.53745
20.300508
341.81073
95.65456
9.70683
3467.8264
42.78486
57.022152
96.955414
130.43648
122.280464
554.7683
191.96127
177.27437
14.5157585
503.87305
48.337986
90.0824
5.4467626
429.39816
30.549162
50.932873
21.09655
34.146503
12.930885
4.6061425
47.939556
130.32016
6.7650375
592.2037
321.7989
57.83749
22.74174
283.18463
442.28342
752.92224
44.339336
1044.1244
7.846936
82.34127
291.26984
32.605713
15.675575
81.03327
95.56525
45.957195
45.5784
17.135803
62.444805
1034.0288
105.28436
35.94154
38.77814
278.1854
9.517091
185.5168
34.032425
1144.0782
18.794798
41.494846
993.5512
29.82758
56.06692
97.491516
26.395884
8.95612
221.4342
46.198246
39.2959
13.593406
25.85486
32.23704
179.98148
35.26876
711.3207
21.771187
22.608871
540.1989
27.22135
617.2569
11.215483
34.251373
10.866198
40.9101
3321.6575
24.440739
4653.778
9.6934185
879.39526
12.62748
130.66406
98.60619
53.229687
11.665172
39.511948
138.177
90.05182
330.51343
30.082039
36.294373
6.151069
41.16511
142.46175
13.430826
425.4035
82.05977
10.54792
430.66006
9.992288
49.802162
636.7672
76.437
24.186989
622.3144
867.5665
792.99664
41885.203
66.88791
55.51536
33.326088
72.9506
39.511627
65.080864
43.18932
22.906689
99.62331
12.564576
24.366974
1413.0034
8.093051
86.13489
10.886195
74.48629
8.58259
471.39948
1194.0223
155.49251
190.45308
338.17535
68.37414
56.57525
50.47237
249.33214
63.265057
7.8705015
246.44733
86.10959
4.9786625
286.69327
129.41505
31.993843
11.457261
64.58928
213.47855
521.2792
25.82417
46.753838
38.570435
61.982204
22.840086
665.9347
69.96145
127.871826
185.74323
5128.944
37.3664
38.36732
73.14217
30.347841
2108.8174
45.11668
297.91104
57.945786
356.35925
402.13852
10.614437
81.86436
39.48696
101.42092
284.18536
45.20633
27.844784
7.706859
29.413746
108.73983
60.007812
286.94836
4.720404
29.373287
302.8369
63.755596
983.30206
154.51259
85.61325
500.35898
37.541286
794.3193
52.324608
48.417515
22.299822
25.857765
104.98362
64.50526
120.82981
6.735124
32.581036
48.050644
1092.1844
23.009407
758.62775
558.34576
30.347857
108.947845
4.7077217
55.83284
19.561531
7.915026
101.12296
25.357872
50.840984
14.946908
734.73035
26.389015
41.404846
1282.1704
723.2307
32.608925
962.6206
238.84546
23.27863
518.88574
305.95593
40.05816
875.27325
22.603584
20.156075
81.09442
311.01392
816.65393
63.136223
1509.4504
134.88336
30.859785
102.19327
371.02548
984.8647
109.76847
601.79663
38.85753
39.262775
352.09167
246.40831
154.4158
32.72934
149.5331
279.86008
556.1929
40.42312
1943.8629
530.7072
1909.2736
76.4597
23.570131
200.23465
711.85175
5.4449797
246.92867
61.587746
464.1728
34.570442
43.769085
790.9411
36.291004
40.41135
425.79456
105.55962
55.28949
112.20696
54.416718
939.56726
6.115544
1356.1897
33.937073
270.32996
161.32826
112.985245
3289.3584
469.65372
82.40435
55.81945
16.105932
26.61975
58.01435
1149.4315
31.14503
305.63736
793.59503
43.34888
97.45154
18.01873
255.41705
13.575842
91.27291
898.61285
192.09927
13.634607
82.56368
22.058937
15.5161
579.20233
1665.2433
137.93877
227.1136
7.889315
5.734224
328.41
37.98885
60.72918
52.90281
16.133558
97.809265
481.19833
61.725956
872.29126
385.05322
11.052215
14.864468
391.7493
103.00544
63.226154
226.5436
4.2784266
535.3835
121.73818
12.004865
35.425907
20.218481
44.233654
957.24365
261.3619
126.43856
242.73262
228.1293
782.5674
37.949497
87.136795
17.376629
9.347279
164.68529
21.556837
46.710438
6.9632125
316.83478
59.087173
18.84539
498.57297
32.49777
40.492958
154.07697
31.928122
449.71066
354.18933
849.27527
289.41315
13.704087
70.80646
216.3116
568.1694
759.5852
654.22345
70.65017
140.24164
207.86371
262.14096
55.44446
8.840113
32.427574
45.295204
223.1421
49.466854
16.45386
26.82356
16.904377
9.673951
56.385002
12.219344
56.20411
26.41777
302.39276
29.555574
93.382866
41.388126
34.83595
30.90464
88.53036
9.517091
20.510365
2876.6733
15.234781
35.573906
461.2907
283.5451
3157.1216
64.07619
193.05226
169.2716
53.57576
163.70457
434.8998
12.19239
625.94586
1313.0739
161.25252
593.3852
1439.2882
22.89829
2023.7598
140.96909
701.6547
172.176
57.912666
13.139905
406.22028
102.998764
446.05698
61.01605
415.83548
206.69415
2412.464
268.46664
34.27442
166.31291
6156.7573
18.554747
27.236858
9.355467
15.061435
17.046152
495.65622
100.92426
507.95917
299.3664
404.3328
13.054131
696.97406
6.151069
1346.1677
13.650334
25.658312
62.81854
5.2605567
21.818031
461.07626
308.1376
398.2459
23.929922
112.942474
103.49704
18.04703
46.79399
50.51454
69.14123
29.785267
44.491486
38.71576
49.051662
712.6729
97.32592
92.07918
1013.8229
24.234137
173.9994
14.055566
356.10037
26.792837
8.278993
23.135454
82.90335
30.254389
22.508656
340.9831
879.25433
1354.4111
61.91727
83.4491
10.996023
34.04143
72.98526
31.773216
1697.961
349.82162
262.0085
51.674953
226.73596
28.707678
52.748253
110.8932
123.00692
27.371841
51.059895
313.24884
746.4106
72.395424
558.06305
21.957382
38750.406
574.5514
10.700746
9.281594
590.2055
464.79517
22.800135
43.503014
118.473656
41.133743
23.523159
88.0466
203.33757
426.5562
148.98978
107.26752
353.92746
1076.9469
9.440097
18.847345
39.676632
26.697737
2515.344
42.424103
274.66467
1282.6921
22.402468
330.23553
1303.7628
1041.2919
21.36666
407.22974
1525.0472
170.85297
89.28927
518.8459
207.81653
65.63006
32.76512
880.1289
15.220662
35.016495
175.20163
65.10771
71.20167
62.579063
428.75754
60.47255
398.0536
128.733
27.697992
546.0609
783.89136
46.441288
22.290648
31.051949
66.38115
1113.7831
134.98412
64.598206
36.54484
92.444145
54.534065
21.681173
23.267622
1499.115
65.300705
21.9655
3107.9229
581.5921
33.306705
17.701094
36.662876
18.797634
1124.3068
58.13875
29.66541
356.7998
205.50099
105.1863
1018.0986
51.396935
1213.1072
74.075
289.11893
517.61255
50.836815
203.31537
21.362259
150.68149
11.963666
54.673336
86.48067
15.445457
32.447884
17.874619
41.943
54.57302
32.531853
58.733204
487.5324
58.967377
43.35718
569.2178
63.277996
41.02554
4637.0933
873.0852
12.355865
992.0396
206.12634
1228.7695
14.949888
1280.5238
241.4218
93.62831
1827.6575
552.5833
164.815
79.067444
476.3991
8.819265
338.59503
225.1331
627.58875
98.93734
86.71215
153.67496
96.86017
27.41465
76.111626
16.036005
245.94699
422.3372
9.915465
7.4278703
30.836521
39.603745
40.269604
30.886621
35.463654
1054.2623
63.91699
20.045084
35.118874
16.70823
9.471992
15.249622
29.675653
45.45212
86.8398
88.002945
948.20514
21.0067
549.61176
202.08273
893.4873
27.430696
37.563713
35.44876
449.79562
75.835754
27.641514
8.460592
967.09674
314.5446
1132.7677
186.85454
22.404016
15.656757
42.54134
512.6919
57.340267
17.666904
22.253534
17.900076
28.578043
581.91583
206.60506
21.765825
36.5122
20.709799
23.878036
936.439
77.7454
109.64605
88.07153
464.77985
5.747474
79.31441
139.57904
30.595812
305.05377
76.232796
5.5056562
10.979595
75.64445
17.358685
77.29561
52.07137
26.517942
45.7004
62.02291
205.301
131.38756
2683.452
439.0854
31.322252
22.044336
369.1364
71.87634
49.47236
1418.3186
1075.205
116.18244
1243.7935
51.29094
23.36321
47.079613
555.0991
892.0055
237.62901
21.451912
1467.7673
370.90182
92.4036
136.73296
128.38872
246.16003
359.7977
178.60367
162.43898
70.93819
18.979458
28.936237
1348.5165
58.98985
13.8024025
11.6223
496.52362
20.170511
20.094648
98.081726
883.601
431.18628
814.0219
46.845898
174.31007
502.93616
821.8144
452.7155
23.291899
37.492207
285.18597
867.40436
26.4427
99.69306
375.46973
171.3353
99.0562
140.80492
41.421436
398.3971
67.52087
68.09533
9.544567
853.84784
387.54138
49.67022
21.459124
134.86368
173.59557
26.238657
149.2698
96.80711
468.28873
1035.1818
38.984005
19.590641
46.99695
2581.1562
392.94403
2291.5532
580.8549
112.36849
41.059795
10.865123
98.28731
173.36287
46.248783
55.161953
629.7474
69.05329
26.411383
69.718636
44.99209
98.866974
157.86586
15.188047
62.79425
44.279152
762.1579
521.8843
18.035088
6.5904107
16.978485
80.12648
50.503128
11.2907095
56.554535
29.838297
58.27511
7915.0815
450.0509
39.509777
26.003149
12.722805
63.730034
51.999786
523.97955
266.5069
57.427692
1503.0768
178.03566
199.3154
3383.3164
27.782972
85.987236
1089.0267
198.75781
21.575712
563.5753
17.243303
427.83853
19.326786
1747.9115
31.090343
207.54994
6.108512
439.3828
8.4974575
121.66802
1742.7018
92.08383
31.625372
272.73563
315.79507
7.6730266
720.795
13.371701
33.98338
33.82225
386.162
209.86815
7.5400343
1171.8372
372.2257
753.8606
348.41608
624.57886
31.30752
522.4557
7.7568817
624.00397
17.454226
27.059214
198.30444
221.64296
55.150593
18.33254
42.286533
12.023602
637.06335
19.698189
114.59379
99.90549
38.819637
8.953289
794.7944
308.2424
23.817358
13.35037
76.06283
58.432625
22.41538
929.19543
32.748886
32.37354
48.510944
73.104095
25.27979
17.280178
444.75037
106.8671
1814.7561
89.73826
5.0153456
962.2562
6.568279
85.128174
12.599382
591.3597
214.55313
108.35412
13.170824
75.368515
58.81108
15.603387
148.0459
40.310043
341.375
339.00052
57.12446
38.052067
14.626073
25.251852
50.00236
21.068556
379.96268
59.777084
468.80124
14.760013
496.589
324.66055
627.0105
28.353456
298.1467
24.211521
25.905798
36.202984
26.081472
18.504908
393.78357
576.7066
1157.1918
55.6595
1307.6548
23.611973
75.65852
582.8706
13.328973
18.465538
25.65135
401.32477
31.758762
286.43094
9.296729
16.78918
81.314896
174.47273
1199.3542
494.55655
25.425262
8.250064
41.22006
44.081074
25.152794
46.57687
64.936935
32.968822
238.385
3.7472425
13.380014
9.506224
24.555079
13.82457
319.33557
450.04642
26.211227
21.166403
28.128757
17.550434
362.97324
4206.387
370.36813
22.561417
1199.1603
246.89804
36.857048
35.46068
109.62588
86.797035
44.04336
385.94992
36.398117
7970.5293
95.05954
96.26482
5.560571
40.403557
56.006268
264.81943
32.47944
8.381725
8.684513
533.9372
460.45956
380.39322
116.707825
32.589485
70.0635
75.224434
115.94397
128.73654
96.15627
27.329062
888.8656
21.026213
1115.2339
324.17374
547.9224
37.973
22.59248
315.9293
17.831799
523.9374
111.90661
27.832212
751.4495
57.118652
712.73004
1665.2433
124.87437
11.999617
12.238453
242.08923
14.983005
234.80412
3170.0645
72.85258
20.798227
26.068573
49.272083
49.256496
152.55707
384.02948
632.188
85.41259
38.30588
96.246
229.26375
43.396137
13.0686245
942.6196
78.808136
216.25868
132.48088
146.84492
97.90165
40.24264
10.460137
359.8957
32.75308
440.80875
191.27435
1398.9875
703.3857
905.95575
12.302653
16.524166
237.47464
519.81586
50.088184
589.30756
312.41156
24.416004
11.021556
9.845963
62.116173
18.784903
33.415897
6.8466234
282.0112
54.01208
135.92195
15.034552
403.81238
525.0591
415.59464
899.01355
329.71017
58.151554
22.850409
32.99153
47.98071
477.91507
64.90155
13.765939
14.474864
1025.959
115.57607
6.4734855
39.84587
40.39645
84.21993
36.88305
14.239326
12.274866
325.69943
65.819954
1018.5303
20.134724
1700.9229
1570.9235
38.337017
654.05566
179.55922
65.76098
61.04643
26.895084
33.113518
169.14203
397.3017
1690.0562
175.83282
19.955162
31.917505
33.540543
8.948926
20.798565
21.964378
1179.558
33.993095
9.030869
58.032055
58.02168
8.218124
452.6197
41.160526
25.640804
569.29974
33.96143
62.063026
142.01778
80.75512
659.1682
6.829133
377.7922
15.3417225
12.658482
47.602596
33.14971
16.674776
16.955187
91.378685
338.96997
18.654993
15.338349
15.744073
39.207294
23.039715
34.089115
135.12791
47.680737
69.10642
525.53546
531.4325
391.70743
540.6725
37.41966
225.9275
69.83793
3404.5977
1649.411
8348.814
42.260662
7.9003677
24.840515
46.171124
292.6245
24.11694
775.50903
128.92325
17.196705
18.631775
47.29006
19.716831
6.390482
26.81246
32.667526
50.953598
42.19793
27.436502
20.18492
34.126896
250.95647
62.80841
50.544548
23.385223
19.552826
196.70525
522.53394
61.29608
240.7805
199.19502
254.93642
27.333475
82.959305
28.083002
81.390236
108.63779
263.7529
768.45795
349.03766
33.424973
147.82674
630.65967
45.42536
315.98578
1311.7817
1069.1798
34.56447
777.19086
36.002827
10.876223
3672.4746
23.380396
701.17346
775.2743
38.856
113.92235
4.7106824
265.65604
1396.9576
172.0962
21.928337
424.8282
59.31812
13372.817
120.50334
506.59006
107.95474
1063.9922
187.57881
197.32733
1574.1785
18.301235
72.158485
8.608052
21.841198
42.341625
48.551094
143.21832
11.364669
1679.2654
9.228986
1092.5151
41.884464
5.890278
83.204254
60.96015
471.78287
1617.0181
21.530851
11.151163
114.52638
207.63596
38.403625
223.04614
12.815399
22.064466
6.080582
167.45436
39.064945
234.6801
29.530895
170.34177
11.657111
208.14499
324.84543
54.809593
54.146793
19.08044
115.38928
136.15735
13.193415
227.62958
483.10382
2517.2063
18.40763
29.30761
782.3439
123.73709
549.7738
41.173042
158.40244
504.00763
691.31775
61.146942
105.61748
14.240958
177.41693
63.402523
26.802643
961.1589
176.76857
72.525444
47.44592
69.85155
91.82097
653.7713
34.061485
385.34583
35.330273
95.29786
266.9131
10.362665
525.3325
26.94579
4161.983
30.129105
42.68613
37.614853
15.151117
63.54363
31.201649
30.887285
7.985424
61.317276
25.571154
211.59898
72.070076
24.23004
44.467655
577.5421
70.29008
153.37158
17.385399
38.218357
306.5744
222.67378
81.40525
14.569743
4.2784266
29.192057
63.40978
15.503724
204.22824
32.08464
28.452026
66.72449
32.779835
200.19017
10.892193
16.66085
3324.76
8.418574
16.66085
25.812252
29.830898
2239.9368
658.0041
606.2664
10.040659
701.60657
21.30072
121.21599
12.582512
20.538656
11.646607
64.52338
88.187225
34.933075
327.56735
40.09267
11.140164
2593.3428
12.999026
273.95377
102.53711
19.028196
29.89594
33.54766
40.20019
21.784298
40.436886
34.979748
19.31769
785.74756
57.704025
262.56094
538.55414
62.082382
65.171425
328.2976
178.7502
9.573947
19.734121
21.806631
21.92031
38.176403
390.86166
67.596924
44.558395
65.79118
745.9673
123.888466
43.49954
213.73033
218.2378
14.442005
337.21292
50.08987
62.931416
50.903862
315.5034
56.996273
25.144613
14.615281
63.807205
67.88496
215.06313
113.64027
36.45799
367.7122
56.945473
35.08799
118.273445
17.665339
13.273701
103.894
3023.057
204.1706
485.29465
55.439224
42.1756
17.865456
796.8679
382.2971
15.582052
45.725872
95.66947
23.210835
192.94182
28.236414
96.5741
860.4818
41.451332
29.413094
416.28918
33.390812
16.730434
100.203865
117.72563
111.468254
41.502773
6.6057696
5.9976125
50.144524
11.218141
452.82715
65.52478
42.776344
245.27544
36.097694
104.393715
757.9798
57.66087
348.99506
2706.305
1415.932
1240.2448
20.923443
590.64496
119.63794
45.42879
18.020853
65.06252
50.273632
1347.8794
39.22319
15.338353
433.08676
37.66384
33.894096
105.07231
70.496544
19.46607
237.68398
103.530266
251.3023
15.628268
511.1701
55.20866
218.07843
19.80637
64.931984
1008.7302
52.22123
28.174364
261.06287
546.0315
157.52576
68.124725
173.53523
19.586596
49.530193
21.108484
67.630455
310.88596
26.20352
40.75248
595.29193
1150.4844
313.9015
2176.551
74.94638
531.1753
89.55398
74.31362
486.45398
42.00532
57.093983
447.95248
21.360903
9.70218
10.48035
40.157078
54.436413
51.546944
300.9722
283.50943
33.878098
32.0197
36.69777
32.399616
370.55237
238.74013
396.26865
230.65877
713.32544
78.73816
16.507973
541.22815
17.936111
13.066721
20.79101
32.722195
29.465614
140.87877
6.634221
566.2386
15.421834
102.34016
4.413802
90.9309
12.11029
30.027122
6.8286138
7.2792897
164.6922
293.25266
2178.955
227.02654
29.361391
167.45564
11.815986
12.171395
574.1945
24.406937
15.971849
232.34738
74.87722
10.138277
6088.135
50.131077
22.289446
52.76102
34.879414
43.43048
569.61255
6.151069
8.583793
13.128498
124.10623
58.07394
538.3318
221.22977
17.44248
30.2374
42.92961
69.763405
21.59481
895.7905
27.628376
224.42535
873.2676
829.83923
68.28613
5.0153456
42.481632
40.18465
82.18797
122.06922
262.57382
9.90708
82.46737
27.247185
70.567245
16.8841
52.813488
16.752716
54.71287
12.788695
42.688198
11.263737
795.2615
15.926378
14.834212
36.074966
60.770576
34.04114
4.8810635
19.204445
348.93616
28.773817
55.75651
26.585073
17.187384
14.260695
27.14842
855.2772
29.343155
14.512172
259.3971
182.17566
581.9849
74.56575
51.432777
33.374672
96.67588
9.215782
97.884514
674.7899
14.22365
1118.1578
40.409496
82.38039
29.830381
5926.958
24.45453
18.739565
782.2208
888.96735
23.83434
178.56142
8.824528
36.6059
206.29802
44.787773
27.96425
22.162312
1258.3121
11.387343
71.80626
21.934052
178.75003
21.95568
48.67345
754.06946
134.3723
17.91921
24.574821
159.66573
12.243278
16.672197
537.0959
41.32991
108.25435
40.113842
27.862999
156.96452
120.304344
266.81448
500.037
125.058075
659.1459
72.3557
32.423756
6.518255
4.2784266
503.4979
80.40393
32.333412
15.235044
80.57241
35.93676
12.86208
30.517494
582.7722
10.826141
228.21808
662.61395
135.05551
36.61512
12.22979
13.93624
375.93265
38.722034
15.387787
18.840435
326.20444
349.0656
230.85011
14.100072
127.94588
228.36134
19.639128
74.56137
21.799828
32.476425
17.532183
684.5818
2686.6836
1967.4182
115.100395
47.929386
20.963295
10.330689
19.495401
856.94855
40.695797
10.902892
20.179026
1192.6863
108.45389
133.674
189.50018
145.54341
93.55593
17.603685
2117.0344
37.481552
99.763016
702.06104
29.479618
39.788074
42.762672
1894.1356
25.471989
161.32826
949.19037
14.157742
66.30702
187.78572
22.194504
1215.9211
77.89761
140.91473
58.377956
43.38836
41.360905
706.0686
281.71793
20.972797
24.112022
938.464
916.2696
41.76713
11.209455
353.0533
126.17722
17.807323
19.96882
269.0214
435.749
43.100735
104.87834
796.428
37.777298
61.92852
1829.3044
221.28633
439.6827
94.18904
186.62596
44.71028
44.988632
209.37325
65.054985
54.51377
27.93124
130.76804
1278.5677
9.675247
1287.1072
26.188847
174.31114
55.545094
389.5782
9.674795
18.242764
29.710249
448.8854
227.28326
37.644096
1104.6461
146.56517
55.659767
35.417942
52.472942
203.96594
142.37991
615.3922
164.41129
417.32666
368.2772
1171.1177
53.950317
384.43552
577.223
12.43728
83.93212
18.118298
179.50288
19088.988
534.9242
49.04332
12.330682
1443.531
16.76599
29.617254
53.32681
64.325836
426.82925
50.385227
27.064388
16.977535
840.4098
214.15707
8.685117
43.09792
687.3143
602.8291
1093.2655
16.810379
18.149717
566.3528
270.42728
629.46124
78.607506
843.82056
63.381004
117.39837
29.10035
21.634388
33.819595
260.37796
496.149
78.04588
837.00635
59.84339
290.1423
27.294863
48.661697
929.42194
35.943947
16.424925
1176.4473
51.985664
50.3413
138.40431
22.461058
146.11307
524.1
673.4001
72.925354
272.26538
340.43753
1360.2036
42.552208
62.12091
181.64842
35.529957
8.19636
62.874607
34.531536
135.04315
35.30815
33.59814
37.42296
173.70651
41.792656
41.64314
3.349434
39.83433
73.323166
3718.1538
51.252666
1584.9613
17.58886
148.38089
35.89788
531.5635
21.861921
6.333023
6.5373654
10.361148
90.29501
316.70743
12213.631
5.8020024
188.58029
17.914965
75.66801
20.991596
33.70084
43.206757
39.953907
96.99453
39.592884
15.456479
576.39703
55.69893
68.035774
71.12793
157.75975
94.949135
197.58842
3205.8604
523.94507
19.33323
182.19199
1242.7844
290.5876
56.846504
106.65618
194.52325
152.52339
25.163864
14.26464
129.0289
42.702477
118.11248
24.031979
9.090025
24.481728
37.82355
364.7045
74.81937
554.2472
344.57684
58.064194
35.118874
38.16601
117.077705
192.25119
13.742988
642.1735
1037.6882
102.997185
173.22363
18.792406
88.548004
125.5973
453.93573
20.841204
15.954243
61.66553
67.42882
29.066103
28.0435
333.68018
31.479431
375.45486
23.343618
910.6772
7.7162137
16.839674
21.248703
53.589813
1392.3239
14.727153
115.52814
1097.9962
22.458572
85.67973
73.776566
23.718819
264.36975
52.079056
212.43436
50.60157
14.043186
30.580593
21.54709
42.573933
51.021027
518.7086
593.12915
30.514345
102.02919
204.74825
41.156963
167.81302
47.232277
177.4579
24.081467
1595.7501
1648.4369
3674.85
233.5351
24.034
197.79308
636.06805
29.007582
90.2914
131.43536
79.024895
17.250782
19228.836
151.6201
48.752556
16.939915
19.286087
31.667526
30.494526
12.14556
1578.6246
728.5866
34.20866
24.373796
35.68829
224.64058
1049.4208
133.54146
285.89902
6.6637483
13.015397
254.8454
134.39523
17.845375
5.150773
992.6453
57.528606
265.35144
114.2452
9.857688
427.8993
38.055714
308.81586
56.284428
175.44916
15.488883
42.45962
242.29688
119.523735
24.839823
1923.8759
24.755331
73.28297
48.62245
54.834743
642.7448
21.409872
74.54737
10.445501
19.001377
121.33512
1308.1593
604.98364
28.536179
106.255424
122.918144
90.51012
27.188713
16.350214
4.265617
48.255814
9.047497
17.768621
23.181631
10.671411
37.480694
387.40594
25.927357
277.31036
304.32486
131.21738
673.6544
247.53769
523.34436
9.214956
226.00229
688.2726
445.4871
17.885197
103.044304
37.081066
133.31503
32.711773
47.86409
54.540367
25.086864
278.57407
11.934935
1436.969
8.433185
19.820911
80.050644
38.762638
36.659477
300.71884
32.4102
362.46594
29.599897
16.925661
399.65952
24.62242
91.46347
18.886934
40.97509
86.83604
307.23297
52.450638
48.68451
8.587956
49.17046
7.278136
27.239138
916.86743
994.0962
25.231667
338.35828
58.922237
46.96743
45.065506
49.766956
306.96542
492.3546
404.87204
8.269374
73.77804
815.3567
81.6904
67.966415
77.9671
221.16078
6.9829016
15.531638
9.03928
1855.5962
10.307109
73.16474
83.20358
32.412453
4.7077217
331.33286
479.50085
249.12488
556.4618
40.35832
17.20402
19.936338
25.903408
509.80792
402.96066
36.43669
76.33308
22.069952
572.41565
46.231796
448.72427
15.9570055
97.60636
98.31993
514.5027
18.912428
136.78838
58.036484
186.03725
226.5827
440.90924
19.61759
9.714718
48.573845
136.42088
69.38319
567.99493
162.29073
391.34323
1274.1395
1722.3651
461.92307
69.239586
45.688896
30.675243
45.83311
33.489548
43.21701
64.82466
27.38558
29.934155
911.4365
35.118874
1527.861
45.44199
20.519348
210.25156
32.915768
85.46735
82.6174
262.5379
15.940594
34.287636
722.9287
68.007
611.61816
19.216204
22.333263
15.221231
694.0684
35.89243
11.555031
535.6731
108.83134
134.0979
13.971568
20.848475
11.189972
1214.6255
12.373366
62.68383
46.68364
95.66997
21.248652
17.812857
81.87618
16.006372
11.589565
316.39197
31.122805
87.475716
38.392384
19.185038
61.461655
197.28734
17.661863
64.135025
16.9174
28.229082
128.45792
66.63667
22.214243
139.22289
41.432125
77.732796
177.10394
240.23828
12.6424
34.158413
17.395697
146.8875
15.357502
1924.2656
24.63583
31.996956
14.112539
107.440994
33.92519
47.216614
811.9754
125.89921
247.7422
50.658016
7.8082905
55.656105
249.03448
17.01171
56.424458
88.89605
34.047886
28.969755
5.012916
11.222783
88.65147
16333.096
27.856688
39.933453
4.9179
89.85768
51.515175
331.3226
25.737564
494.5688
100.09909
11.216111
42.25927
807.2744
402.90338
6.2767744
34.21282
9.033168
10.665555
1244.3291
442.80655
10.80812
1960.7368
6289.0176
24.404352
147.94745
58.481243
1077.3538
63.32802
108.05852
8.306731
16.9174
23.370247
13.858925
124.12108
476.0757
460.1334
88.54331
19.471422
31.478395
223.88644
13.82903
485.88953
77.964096
21.952322
14.380876
246.73412
208.8207
29.285942
687.89233
43.640545
30.952164
589.00867
29.442448
156.33185
225.42743
69.9249
30.287842
45.586487
83.685715
23.872623
153.78241
112.47024
33.6989
88.153465
85.68112
197.52992
302.3789
7.540588
89.18651
1531.4818
104.67829
285.2042
10.240876
462.55563
35.749016
29.822594
16.426304
97.21345
13.462853
193.30151
19.313723
10.850013
529.5035
45.69624
30.567142
20.798643
50.790745
586.5845
2873.9092
394.89224
7.8548994
416.36047
27.741756
47.303085
47.382298
29.432144
347.5529
175.6706
343.10483
21.94992
68.50781
517.9081
20.518341
17.23639
17.78772
13.953508
412.22635
45.336716
162.22427
18.924036
49.429443
141.31395
6.37404
29.8916
33.771004
1487.4551
262.09198
1346.2292
293.094
239.08258
6.6112995
43.18546
24.080942
170.87741
11.874127
24.479597
1077.9838
163.40067
352.00806
31.699049
742.4109
244.9129
100.62926
52.79643
313.1368
442.61783
673.2321
9.808989
1097.3043
9.905861
15.665874
21.68379
7.8082905
878.3864
309.9094
16.964338
15.714001
59.346638
361.53763
9.682493
67.38526
126.18523
15.290591
42.645103
305.77408
212.48775
75.49138
35.131092
68.59008
16.47973
68.926735
279.95416
10.983808
582.00684
38.77727
151.72438
39.136307
10.8204565
1937.6755
11.239629
36.41188
41.444035
364.2502
4.2784266
537.6158
68.406586
45.10737
36.98676
1421.8181
58.67716
45.797184
558.31244
127.16715
493.21133
75.474495
1296.865
83.07011
386.9027
94.26588
843.7682
145.63075
26.271704
59.009403
235.3066
424.9534
24.943905
546.9185
7.4924006
9.515688
616.41864
23.434284
24.722786
52.449936
304.1531
139.67172
178.43436
22.574675
41.670612
962.0159
207.34824
508.6703
52.936398
229.02939
44.920956
13.359838
14.507741
30.937489
1722.6927
18.588303
49.182148
14.341921
56.21627
81.42606
583.2807
41.574493
8.675417
72.323586
6.3995185
395.59787
32.269257
27.866108
28.61431
138.08116
13.262072
117.82778
57.73559
32.313778
10.028119
95.3198
75.98685
20.288857
484.42975
35.673717
4.7077217
53.25448
682.2508
820.3301
82.981026
128.89491
1455.4136
4761.1094
213.01335
141.66086
803.6843
34.93375
76.30626
281.77582
61.163857
231.76324
30.917212
74.38495
2575.0933
43.38627
106.36066
21.441572
64.73077
67.461136
48.545074
51.079475
504.9164
41.936707
6.084515
47.95396
2139.7793
593.596
34.049137
260.93802
201.03848
73.822136
863.63916
343.39127
36.530033
32.847164
2611.347
158.75829
77.54063
84.75154
47.96958
100.354774
437.70944
15.205105
23.199528
31.346037
49.428185
48.14252
25.634985
333.5596
139.06822
40.843857
45.721577
457.14755
11.7742815
654.05066
35.5766
379.5196
885.46106
24.3692
36.70433
3.7492504
16.688908
298.63214
92.41748
62.04498
46.87078
33.965107
43.880398
100.82527
13.858402
8000.3745
12.312044
70.437614
58.02995
137.5595
26.175383
6.0445356
428.39642
16.884974
111.71628
42.40587
8.2385845
273.29395
103.7477
354.99246
28.242067
30.11749
79.27176
9.202788
21.839853
36.64178
413.04843
3179.3716
20.880789
27.06382
128.0663
56.230297
51.09514
12.888718
56.94607
57.882076
111.34772
65.570595
19.904747
263.48538
25.419819
183.85336
255.24332
21.735725
380.87457
363.1358
2090.5374
769.7621
18.338917
8.831633
152.92027
482.34882
9.929296
77.71118
6.448158
131.93137
11.373197
86.48166
373.13342
23.55702
73.52066
1099.09
34.46645
295.2477
567.13025
581.8745
471.6738
789.7314
161.32826
2157.679
518.5864
1694.1898
42.19672
29.148691
20.326534
230.6394
34.512234
79.70898
388.8527
194.6538
20.914495
216.51643
483.2953
70.88584
28.299625
16.00759
161.32826
48.29503
383.07297
54.82041
24.020752
25.129427
57.062954
7.2224884
37.032978
91.2492
38.45123
72.76019
118.64773
16.274944
32.492096
415.96594
28.825981
15.870691
711.7017
127.62908
163.0533
324.40817
348.43137
97.38135
41.504395
261.47098
426.57596
38.03749
130.37547
1577.326
501.47876
16.838396
11.248564
49.665184
15.716107
72.35215
27.155304
25.546955
29.169765
34.1716
813.206
44.75947
32.014484
56.64716
95.289955
11.198139
141.9037
143.8841
70.32056
653.8932
494.99463
36.281845
489.69876
11.144061
303.3854
19.616173
33.24652
18.148647
32.09521
28.329145
17.599354
680.69293
3176.3743
16.501202
89.11008
1579.0358
567.0475
43.58902
572.4801
17.035372
34.54737
58.483418
35.974483
8.915234
132.9949
97.1988
91.2408
32.019
57.777153
690.37756
623.10095
227.00694
15.599191
393.63754
31.680447
637.18304
447.05673
96.20851
7.8338776
94.489395
46.84725
37.3794
46.91615
30.669577
94.983055
68.04434
135.459
10.973934
321.2085
686.53107
170.56732
1055.83
105.97192
8.140431
221.28453
31.428518
26.905685
89.4748
4.7077217
19.070967
37.106495
50.353966
170.52106
16.229774
21.602493
20.926067
175.01076
40.483215
68.28434
1001.74725
23.188936
672.4275
22.869806
93.555885
31.473186
238.62654
54.14271
482.26166
761.48987
24.204618
312.51627
164.66457
1477.5753
70.82229
62.967796
24.292362
1410.4716
12.992686
10813.405
423.83148
2737.562
37.991276
27.522789
1140.0762
195.99742
57.46544
15.966199
646.8982
50.640396
19.30889
303.2768
152.55998
77.42272
13.585462
267.93948
9.193619
64.16259
662.42914
11.823924
37.060677
80.59739
130.67328
49.239967
19.748075
109.7197
26.379013
107.03294
23.996115
81.47822
14.738966
347.79178
230.15579
18.341484
81.15767
23.425726
312.61002
561.0479
40.18391
42.98922
21.663721
279.87357
14.120385
14.072922
16.193771
278.78003
299.42093
92.872284
230.1887
13.933157
313.81213
1330.8429
17.810616
1676.6243
14.170064
43.033203
60.01216
633.99023
16.89541
44.92308
88.13556
91.01701
229.80489
89.512436
75.83257
183.08429
21.690662
43.70052
615.9122
138.43222
19.986576
31.838856
247.80553
54.16921
1622.0632
978.25635
240.19968
32.00611
61.159363
44.824406
457.76572
23.094038
39.88741
296.86115
75.573395
886.3435
103.98995
16.540762
38.981472
39.423832
103.23143
728.0514
248.10902
939.54395
11.674461
97.01146
770.8967
389.9984
23.883036
214.82985
67.927345
1008.6889
140.73302
35.87913
307.35605
207.51926
380.4627
431.123
5.6352415
12.878211
15.876763
920.15796
28.290146
334.26068
190.12234
353.09308
851.1904
370.04187
115.047226
649.5239
148.96526
18.38939
672.3101
178.9833
20.874
622.4827
100.35588
62.024864
1259.4689
477.60162
1190.9142
895.47107
39.915775
928.02026
74.70312
306.79218
15.734185
112.23479
185.31567
21.793419
116.96315
302.37875
16.806103
523.24054
151.87125
191.0606
105.24099
849.1064
25.842665
4.2756047
10.456965
787.0
3.7472425
6.4843993
27.656208
24.35296
47.365276
192.62512
83.84636
30.282887
59.084743
38.677994
57.934956
856.8546
53.70553
749.1716
15.545709
510.51144
12.180075
39.675873
668.70435
55.883316
29.9011
831.88477
7.36109
156.83075
40.979572
1575.1877
287.9477
6.146048
214.31142
699.3304
47.433266
3874.067
5.750558
1210.3545
13.580367
3601.9302
224.96011
269.31866
38.898952
6.1293797
2727.6812
516.7204
50.211113
94.09697
34.48153
348.96976
27.613335
973.755
560.6286
45.700706
357.38162
30.995445
253.71437
295.05573
64.44499
250.33438
1246.5443
46.341854
34.651566
336.06467
117.814255
4333.7456
34.575462
18.483881
328758.03
174.22804
148.46255
66.47868
81.991745
161.93044
74.17371
89.505005
36.950214
87.26207
48.25913
42.89111
667.0355
5300.2593
96.41384
7.358476
172.60977
57.64608
297.2732
17.270178
19.239904
9.279072
101.89587
54.686428
167.95343
19.07302
106.90706
14.94131
64.01823
37.654816
38.20219
817.4721
19.159374
132.35112
831.29987
107.05903
947.9063
17802.736
495.79187
74.12743
6.3919506
24.626352
1223.0724
65.29628
10.024196
35.460304
189.41995
1062.9277
981.2458
6.6112995
93.20977
142.74149
387.67004
48.8599
17.46416
102.92998
20.57155
19.976858
1233.4965
3023.0913
9.185299
51.03295
322.97763
5475.0356
46.743816
16.340815
29.869892
19.596401
180.8947
447.23303
141.25688
796.2936
44.3006
79.73608
59.113293
70.870735
16.458178
23.083855
83.05521
1666.2688
308.90747
944.14594
39.049206
83.24045
51.888954
178.02905
117.01548
282.6926
220.32715
647.91754
27.983198
11.222785
17.221117
232.89967
47.6411
118.35942
324.22086
14.11012
45.451447
634.22943
51.572662
7067.8643
2032.9675
6.634221
211.31575
18.492422
100.85258
211.76897
5.4467626
41885.203
153.50555
1260.0762
379.86575
5.9853544
2568.6428
1336.1599
68.46627
330.79172
13.627511
73.9606
9.240179
352.6287
657.633
10.013955
103.73435
12.632803
42.035927
240.46658
162.12698
13.841023
2123.9993
804.5199
116.22228
102.6806
34.799084
1857.1294
86.56058
62.612816
1296.7135
27.003122
26.199457
28.373243
50.303436
483.43887
54.629997
308.5968
12.927459
64.478165
126.793434
19.069946
78.40199
32.478024
1491.1636
37.08838
13.9726305
185.29701
69.556564
309.52258
85.924355
254.76543
180.02164
245.4726
7337.4263
29.771961
316.00613
787.4587
149.15028
247.98485
216.28436
30.924149
732.49994
26.375093
33.29328
106.29156
661.2851
84.902374
242.02034
143.29039
32.239925
7.9051437
33.189182
465.83197
531.66364
16.53341
22.538519
14.259761
1377.9216
30.963818
38.15788
464.7699
954.6295
273.15326
22.05259
42.89865
198.18166
40.553455
48.55283
1159.9789
34.42312
225.07437
16.894283
137.68024
28.035406
232.58937
14.495588
69.891594
5.2708354
121.673065
1001.32947
21.09392
18.432348
132.55614
885.4172
18.424925
27.836683
1827.6575
62.09852
20.805458
122.14562
11.271001
24.585428
36.862267
20880.486
55.634533
36.062492
8.853979
398.28006
27.107649
12.445539
125.20014
113.15206
108.86128
442.0053
366.94467
80.789314
168.00749
828.1711
13.099701
19.998203
222.6639
183.87405
913.3526
562.64355
84.668335
26.266079
211.78018
1725.6986
810.40576
393.4465
9.335808
1017.33374
76.52047
22.422009
42.92087
1210.7067
42.35445
69.06709
40.296543
104.41333
47.436203
153.75748
43.059875
17.862934
37.583664
967.15076
11.980779
34.942482
53.984955
65.706375
550.6023
106.904205
75.95225
42.525055
100.05543
42.908222
15.854502
31.993843
70.64155
45.614254
65.7279
465.10687
34.440872
76.472496
13.045236
39.460583
358.60953
20.196747
91.05904
47.590126
61.62849
13.26105
15.378676
146.33032
209.8077
133.61084
22.661041
1362.425
43.163227
232.45099
602.0247
64.31109
34.26753
564.7501
28.93609
1143.0024
174.244
34.438442
15.60962
186.12872
46.02741
87.26024
179.3831
160.5786
334.2685
528.74054
10.479256
33.658855
433.82422
16.56966
77.93833
21.280891
11.259498
198.98209
275.7389
13.228014
157.10207
439.49594
15.373119
56.364628
770.4711
508.7838
330.8294
27.560947
27.675013
191.47284
27.868713
800.76605
415.96594
93.49746
384.7333
49.53598
39.098267
32.715267
21.223215
45594.477
1308.709
896.3917
1281.316
1873.6711
859.719
23.715302
235.39818
210.32155
19532.26
62.10403
49.516483
63.318687
15.682368
32.604393
42.59631
877.3437
78.87469
17.666004
404.54935
123.33212
582.0396
179.06781
902.17725
774.8932
182.85204
731.91266
57.163803
121.271385
3132.4807
11.587707
25.627914
5.687516
21.360836
4.3301926
19.972235
88.53521
17.75261
76.148766
639.53876
901.3731
1920.8151
50.348602
10.145938
35.312992
658.192
51.69064
456.7819
313.1531
75.63602
55.928658
383.24017
23.37092
855.0208
341.81448
10.617172
22.461506
24.676382
127.52773
145.23907
97.87187
67.53916
27.891878
976.5324
32.174755
19.3676
52.4536
62.462914
36.630722
29.277822
30.350931
1269.321
453.14615
127.41485
201.75143
42.564472
21.69332
5.6533613
113.76752
23.478867
5.6792703
12.171395
681.3171
51.639618
99.20931
11.67576
11.46749
533.17035
171.12749
17.479141
118.987656
21.573374
48.614826
66.938995
43.037395
59.60983
31.517403
170.42334
11.01715
10.270783
11.222785
340.46692
22.455719
178.11345
22.661343
52.018806
12.473557
613.11664
331.25546
28.699774
12.294669
13.391159
1181.5305
269.652
41.122772
27.595493
56.984726
257.0276
59.856636
69.9456
13.920049
58.003036
4.2784266
524.147
21.577307
936.2555
17.232994
6850.8794
32.824917
65.324745
447.04373
65.86598
28.998323
2735.3137
260.22305
43.79199
30.677753
73.97652
174.2667
419.71844
1444.3456
53.299316
62.405155
80.21212
86.940605
17.99411
25.022326
23.542366
28.008394
94.38033
786.19727
11.073244
18.767542
15.856592
7.8899207
119.68423
30.864922
198.48363
28.648056
10.543102
20.874964
81.35512
37.42311
9.014936
216.89091
22.97433
24.979042
26.222687
82.55987
37.75489
161.32826
478.05548
287.5816
72.84597
26.046711
233.98923
292.9157
96.934006
19.167345
82.46182
98.60667
13.762152
520.96155
23.368576
179.36736
28.572239
24.091831
35.786964
90.9505
91.380646
72.46139
268.1797
37.388615
50.89709
353.92645
86.2149
30.266207
35.312637
207.4779
70.95243
19.54758
28.695429
83.50104
14.717479
69.44452
27.455585
8.145527
33.023743
485.91687
991.03827
3022.2122
6.5762186
43.49722
79.01483
56.954872
11.976869
271.0335
254.26118
59.407623
22.04195
9.167544
3662.6497
35.11472
6.151069
16.078012
7.1774225
7.060263
43.488796
26.291115
381.0535
82.307976
68.33086
49.47538
83.20195
7.1685524
238.42943
1609.9983
2533.6946
106.64241
148.79863
138.74017
345.05566
9.917076
31.215622
343.44565
18.173674
44.42779
200.6465
314.9902
2665.411
27.891178
11.222785
52.58691
28.491901
39.640312
382.19006
11.770546
234.67899
30.766779
11.329877
23.918695
8.432506
10.411882
495.52313
88.41387
75.67075
33.502773
19.418583
331.77728
49.501102
70.47504
291.78488
422.37222
168.85805
1041.4011
93.393105
80.21644
4.5623155
26.4493
29.820545
78.30224
11.093678
122.50008
39.590828
91.200386
214.50015
2515.344
2236.1226
141693.77
512.13727
10.008954
360.27258
51.87488
63.893215
7.540588
948.4317
25.24015
73.89962
40.39619
14.119409
4.221333
21.236153
366.67844
132.33144
563.8401
38750.445
53.38043
834.5208
396.22064
145.98604
15.221627
25.875444
22.979698
21.559937
15.052653
16.386992
497.1512
237.26004
10.444719
197.88025
41.616947
750.7905
348.8791
8.809541
287.4969
77.000984
39.43346
987.74713
150.12337
69.826935
38.859566
84.15658
58.336777
408.62634
73.806755
10.686025
343.64304
5.6393857
147.52217
142.80814
338.96124
1004.31134
85.6424
20.889961
49.201584
237.15146
30.783104
170.61052
19.527794
18.387564
12.676778
13.622547
322.10022
121.62161
104.814995
917.48535
28.423592
28.767754
212.3167
900.2795
1336.1696
91.7485
77.537186
1192.2178
96.99906
14.841378
70.45719
412.6653
109.6871
5.8755136
259.17145
234.29189
216.15271
69.7798
102.46462
7.1930795
25.18459
884.86426
778.50977
121.91298
1209.6327
2077.886
200.50082
181.50322
184.88705
68.77601
77.48473
406.05045
11.459851
9.926155
25.217924
30.686705
52.197716
9.857887
7.3825307
172.3881
36.052544
749.0837
422.2524
5.166015
336.62137
41.223843
250.38583
531.8223
8.376913
258.80185
30.215166
918.4597
77.22524
17.251469
942.4075
18.59645
69.68468
33.056015
47.93072
361.1677
2658.3333
1043.3077
24.790651
2841.8428
23.73173
21.11965
67.26783
20.315235
45.691837
441.18158
8.706288
52.98012
188.42938
11.877771
12.750714
279.99756
40.94925
22.38938
1390.8209
12.9454975
499.3891
181.92564
636.3429
18.85723
169.50188
23.146433
79.142815
333.2914
11.830974
84.186646
354.55127
322.16104
756.24475
921.55914
40.793842
10.251346
131.79492
54.239666
21.666428
83.492836
8.446715
34.66932
12.11284
241.28552
19.82062
122.87378
74.33216
77.60787
160.47305
65.59721
137.64125
11.697419
38.76595
335.98907
59.749615
14.3189335
905.526
83.35957
6.219563
12.264263
216.784
120.98438
1152.0034
76.91654
52.03049
526.40173
1172.9519
61.048935
1222.0201
57.133526
9.13123
237.9296
213.03387
49.865753
110.35921
341.85587
369.77997
26.057587
298.06766
848.52716
40.224667
45.92405
53.997826
173.75267
67.567825
64.15953
924.0096
13.783891
690.2137
31.825535
38.446453
535.323
327.08304
55.196815
83.28662
64.490425
968.4974
543.4716
46.472244
876.8176
255.07101
504.6658
41.746635
334.28394
36.715797
1351.6144
57.6725
113.891106
9.871531
2387.5596
50.833263
26.693289
29.113
167.46426
46.33034
287.38434
18.866245
25.536913
566.32715
41.171963
825.6609
790.85736
5.637332
84.760315
27.647322
103.94444
60.02727
37.273605
398.60233
46.85078
56.074757
285.4616
48.214863
26.831736
187.58533
14.2441025
357.50827
29.934155
693.61847
62.96074
19.240898
34.120834
879.5604
10.92478
29.992792
484.40366
15.5977
11.99799
23.387772
17.927744
144.98395
37.17173
56.970627
23.533022
118.68281
41.894123
144.9843
42.215218
299.83182
1569.8444
10.688843
10.221057
251.87213
66.85331
121.13643
60.588806
484.66403
634.39905
54.88366
44.494667
545.2354
23.868433
3588.8186
606.6473
55.67471
10.405244
23.957527
352.19513
12.330807
33.0866
77.144714
31.112738
37.842834
30.212473
9.39037
114.10479
34.78134
360.78195
203.27019
206.13223
62.1399
18.831652
223.97485
11.663922
45.13299
36.822712
436.9562
146.67088
40.66831
62.453884
80.44972
22.56089
1117.3828
52.40552
228.2614
407.4842
645.35834
97.02293
50.35514
44.154514
347.655
6.6007996
277.72443
229.93498
26.073975
90.97783
13.030869
54.33227
64.96255
600.09674
43.573997
332.64377
928.51733
55.255722
253.7197
756.5329
402.2605
88.122955
46.9707
4.413802
42.191612
104.43006
19.847828
565.2733
78.645706
660.2488
3249.728
4.8555393
58.41427
4.085005
37.11687
33.89273
42.040157
18.58381
11.775371
105.19097
17.24292
16.411686
168.03178
210.83818
805.23676
141.60022
123.08718
1660.9713
37.385193
407.66046
21.043982
704.00476
461.12903
188.77481
243.76364
18.344673
37.079273
285.18555
370.36755
35450.617
29.48664
469.06488
23.946085
532.0395
796.0695
47.31171
54.91167
46.039646
325.8913
31.135897
355.18073
13.038501
348.6158
114.67659
69.73872
50.658485
11.46889
2380.5037
327.98904
369.31564
32.503048
61.04384
75.68407
48.282696
11.079454
38.416164
12.868735
37.895267
52.58539
672.8345
104.02213
454.56738
160.4341
20.782272
1508.1058
72.654205
142.8894
539.6238
36.837837
58.541504
112.17919
15.669761
10.786818
81.77606
51.161453
43.026905
1591.7247
534.50476
73.162865
35.432545
793.6223
96.033424
29.277403
132.30739
18.70598
6.7632904
399.62732
49.25184
595.8977
31.630024
232.39204
4992.237
85.88909
36.738987
27.895649
25.835703
20.617956
41.403122
19.279463
188.33012
1006.8003
11.066758
160.82458
432.58606
18.884083
86.29962
242.8521
44.406776
53.092155
24.94328
143.5793
245.30327
21.545979
67.69085
178.21794
47.365036
1866.5809
63.691875
39.629887
45.061337
132.89105
28.690435
19.897425
184.11455
272.06073
38.68387
46.57225
568.10815
22.499357
27.33979
37.770653
1213.5989
128.71059
2305.6936
729.2181
47.617493
98.672226
1789.9552
16.40194
636.59753
47.440872
30.540846
265.0099
15.872834
46.778687
160.272
161.79428
277.1692
427.6988
158.17953
24.217571
402.8888
96.89366
270.1525
48.991947
41.116245
1715.292
236.88666
689.6698
113.562805
21.960482
17.145391
41.276123
364.24222
386.50885
319.538
117.086365
1047.6163
28.442362
9.398211
1119.7554
100.02585
1031.4331
9502.112
39.156635
352.93585
18.724018
30.853893
86.80013
190.17656
195.99199
393.63754
217.74312
340.55118
81.57857
5.1524005
32.150974
378.70303
64.12326
168.96017
5.4467626
58.863884
204.94624
46.08933
526.4956
23.21724
46.711185
151.41202
10.940542
49.74686
391.83316
30.916895
159.83904
24.33951
30.855371
21.378296
1293.5762
215.47649
12.865529
102.40708
45.069965
1558.9489
14.005863
26.840519
37.095566
41.109028
12.294895
33.68174
73.19936
911.6022
48.926857
11.010323
812.72766
51.652374
28.24072
294.53622
513.57764
10.269872
21.504324
992.6959
53.0304
53.6852
492.0713
76.153046
84.24323
1143.9108
579.79175
313.07935
59.189873
31.483065
45.728348
106.60494
64.202286
650.63086
578.0929
422.96698
1285.6467
10.907749
3519.1863
11.1935215
213.70271
1418.6697
387.79132
54.149155
44.059227
27.27315
71.591064
4.265617
84.83418
141.33208
27.49821
62.32278
27.007748
245.96774
311.03305
322.67856
28.999208
188.64874
143.64258
28.692173
31.745281
1491.0533
90.29971
462.96674
9.486869
1398.628
42.894497
56.228043
51.878777
11.918133
4.2663217
30.700869
29.62573
25.280712
78.329384
360.80414
51.004524
21.700283
250.99786
229.93718
31.02067
618.208
275.7234
90.56577
101.4826
713.47815
13.042149
15.593226
944.42285
40.35269
26.197071
223.13753
28.279638
787.0
33.686195
80.26928
87.63382
92.32944
658.46515
353.82996
64.22133
359.11157
75.93078
1168.5701
131.17471
16.501598
28.214231
11.132576
140.76167
182.5399
148.91576
16.411636
151.2918
952.30084
11.897946
1724.514
9388.92
135.89162
503.88385
17.620335
230.84946
398.2233
182.50197
1612.0779
283.04922
181.0034
33.5607
2703.5537
113.436325
557.72784
27.832981
32.621895
46.00721
237.80177
39.0863
44.40962
78.583664
274.24197
10.773612
303.9291
10.338239
95.05197
170.62346
372.02304
317.57306
40.79175
121.815414
191.44553
322.1506
22.839527
30.613316
21.34875
851.9242
44.99006
38.54058
1229.0186
76.78066
35.741756
1256.7603
424.17764
16.539701
28.210768
11.47676
7.500914
22.169262
29.074127
45.816906
37.85657
50.446262
791.77576
59.24417
33.560276
1218.2588
270.32416
326.19104
33.87121
193.82751
47.82227
430.34125
24.601278
49.91158
20.474684
945.0936
49.802387
385.00714
127.99847
5.6533613
125.72864
48.75961
12.036542
307.19852
613.1611
139.34955
528.06525
9.616116
21.214357
44.32932
58.602585
32.080597
71.513794
45.46468
732.6575
29.884453
284.67294
52.44197
9.974584
131.57364
32.52247
34.70348
4.413802
27.734327
56.736393
251.97269
874.853
62.329796
40.61726
2556.516
277.16336
34.056507
153.02473
261.63898
364.03766
269.26398
1544.3378
14.201457
264.82547
62.24877
46.00384
57.787212
26.679234
205.68944
5948.141
92.32494
18.26468
24.477331
29.297459
14.87594
46.871674
164.24808
57.089924
74.161865
360.6942
113.0062
1139.5391
50.0437
18.703375
20.991812
29.822977
334.19086
23.858889
27.054865
151.87648
1828.4307
1427.0447
1338.2003
69.08277
28.372498
34.268635
21.532864
535.9728
48.362873
15.946801
17.314302
821.9225
188.22356
18.768456
78.74147
953.01404
100.32813
951.62897
889.2141
25.52727
6.151069
48.206554
266.87033
10.061893
342.86572
35.89846
17.05744
55.054977
464.41696
219.74913
28.81208
406.48245
652.5149
73.36044
46.5444
271.85712
693.4108
1102.5707
11.222785
529.1017
60.264023
47.73711
51.614582
30.101244
100.67682
42.350998
4109.7773
16.047335
5.3878956
52.834846
145.85292
9.549252
31.635717
22.038536
200.73788
705.2187
25.020031
608.756
220.3139
39.515553
858.80774
57.170044
434.7866
38.273537
3830.8757
38.160778
62.94606
38.476086
122.37374
32.684574
125.17071
582.1723
452.6939
125.923584
15.116825
74.475525
969.3054
37.751396
12.1818495
1210.0204
14.394278
312.7721
391.51456
106.20705
12.294895
84.82682
6.653019
118.33403
337.0634
6.007231
904.5062
701.8927
12.179451
182.25793
718.2684
297.1291
286.48813
1220.8285
21.645926
596.74304
15.868978
48.350513
637.5727
31.212162
56.880558
207.90553
733.00446
38.734867
108.432686
31.14459
129.78726
9.639055
32.88004
1016.47217
18.289907
31.19194
36.89421
14.036461
84.97751
20.807795
1097.117
50.171875
28.917719
24.698788
4.119776
125.530594
905.7812
695.1326
390.46957
21.453114
127.618
415.96594
48.981213
521.77155
35.331123
31.772419
55.5753
80.59651
165.37654
34.13064
169.79568
195.50186
67.80993
1358.5592
118.16797
446.42914
21.161503
533.057
724.7722
95.67088
77.54314
1003.87805
31.675795
23.390236
134.04509
67.685524
393.16312
40.259266
7.7568207
54.76411
297.82172
400.087
1652.56
49.539402
88.94837
787.2559
186.85054
52.768982
138.12364
246.85544
383.0951
10.299371
32.95301
1743.3501
142.32732
72.34242
48.690083
12.467778
36.615772
30.62388
16.743824
605.7431
13.675779
21.897764
467.5736
13.91881
245.78952
84.39284
516.52924
243.81865
35.770298
58.133842
46.340225
26.2019
216.56456
25.787357
551.4352
265.7711
35.825394
56.003223
469.0564
20.954369
271.5572
7.8389235
100.33535
254.38255
6.617881
1442.4412
385.4822
594.58215
646.3281
1917.0123
106.93322
32.541214
16.76634
185.25082
16.197292
763.36285
18.527431
30.570997
551.9645
513.4205
231.70544
1736.9385
138.71173
22.137629
6.3381333
38.309307
163.64058
15.910058
923.072
82.62052
206.98668
409.12625
24.986914
24.458244
4.7077217
1257.3981
182.67165
40.18465
242.14455
17.036797
846.35034
35.383263
22.826498
49.767906
497.67133
11.178512
341.83698
15.653421
81.1254
1023.18884
71.067314
21.881815
2089.6035
11.28261
92.2146
16.9174
25.0
272.5432
17.849422
16.521212
68.95178
29.087585
238.66171
35.553726
66.128815
72.7314
4.36657
7.96422
70.63851
184.52718
353.2264
19.604582
87.28155
284.18536
49.324516
115.247086
43.556225
103.0732
401.41702
25.291286
419.6198
1553.7457
28.002504
102.184265
22.909397
22.506868
40.46848
794.7542
662.19257
661.415
853.6911
27.494724
136.50078
24.662077
3.7492504
31.146223
25.917654
72.29552
87.610085
133.15887
17.086004
398.69543
12.117108
34.898083
20.992292
450.2752
78.162125
46.458443
393.77383
44.364754
138.50691
12.873075
41.33248
83.83765
673.1705
2070.9312
985.25305
39.047157
33.985527
120.977684
17.619692
741.74005
107.228905
148.36935
19.349236
36.40168
39.45809
399.70908
1300.5856
109.57722
313.05902
332.38644
198.07538
21.956482
23.084318
47.52609
1032.632
27.118586
59.532623
79.10599
18.253416
109.174324
855.89294
88.93005
45.7152
37.682983
115.66886
37.02777
65.91823
1359.4457
442.96533
143.01892
85.82265
89.24969
13.174537
19.370607
286.7894
55.81317
203.7658
508.1435
61.989414
176.41037
18.474697
29.783825
332.69833
120.11519
27.27254
20.794727
621.0119
1252.3687
19.249548
18.101713
74.51784
61.96583
853.95123
770.36426
65.868965
660.75616
133.76459
55245.082
1053.3809
42.121624
673.5298
44.86393
52.84122
263.78384
12.143991
70.08275
45.455772
361.70416
163.11597
281.8206
492.14008
33.349773
31.061234
111.44035
43.653847
576.91486
33.53983
80.535965
562.70905
38.571785
146.60544
49.692677
494.89526
80.75473
34.349117
116.91643
560.91547
5.266119
432.5079
22.27344
95.82543
39.21625
13.163726
37.374496
610.39996
523.1365
612.57605
11.414689
40.103504
13.568548
66.36086
61.14828
5.937419
298.0016
323.9007
738.546
6.6878138
26.687649
401.89334
25.93621
41.69865
51.734386
6.943591
36.538795
35.10758
2191.744
1553.571
213.52446
81.73147
143.40147
40.847878
21.17615
29.24983
22.534575
123.67074
1037.2653
707.90216
126.56311
2751.2334
36.331562
694.8785
10.96684
251.82422
357.04727
15.710843
34.502853
266.2144
182.65936
94.794785
32.647205
286.47314
1526.5874
14.904704
53.464325
85.071
32.609802
1030.0063
61.1177
8.843603
74.892075
226.12862
25.987368
39.075108
261.41476
42.069256
378.61273
20.535543
642.7964
21.41283
14.339306
49.32141
84.93756
159.24693
858.1127
88.34511
1013.7842
155.13347
23.58974
86.69003
19.529087
165.15808
280.28915
15.659662
14.937362
1155.8704
10.05098
536.8647
216.5723
134.90497
53.37643
987.78156
19.299694
168.80765
148.24214
13.25059
994.2062
63.932865
132.89087
19.441664
292.95706
66.09988
107.25008
80.483826
38.0362
48.124477
13.2309065
29.334417
188.14871
32.189087
16.388378
3223.5562
252.97577
28.49987
16.775106
23.24879
53.787758
51.6441
367.02322
1649.3065
21.845518
271.92972
7.808743
60.94364
14.364623
13.545105
724.00226
1864.607
19.012629
26.050585
24.207308
11.766579
331.02527
15.299599
13.054647
97.44907
2504.5583
47.04944
19.077091
12.142321
509.5875
87.126656
2448.4214
17.081566
51.330734
583.5063
338.27728
850.4285
14.550563
51.962406
368.56586
32.740322
36.116627
111.27225
47.07582
59.304234
7.481223
32.631004
38.42504
14.709744
401.5836
3.8257027
8.186591
42.13415
50.624836
336.6482
23.439777
23.761618
61.51469
2893.4211
73.131256
952.621
65.00798
19.944801
355.1223
343.31696
19.618557
541.1396
26.436056
31.16154
68.251076
974.8301
336.2192
86.33304
79.67154
181.10614
491.51743
30.964018
45.383205
338.0101
6.4361186
238.64064
332.60538
152.9846
77.59932
192.24315
9.646738
9094.7
716.95026
38.258327
118.77792
50.37755
92.0971
9.245638
36.305138
24.051802
29.902798
6.447415
6.5763745
26.325237
775.3626
946.28143
14.1253
70.81
40.514732
13.387089
371.65442
687.48047
28.716454
63.201015
140.609
89.584045
224.6243
19.11937
137.14008
354.3667
376.5466
298.44452
667.0881
58.64108
13.21068
82.027336
172.93808
734.9189
67.137856
431.14005
26.225481
255.12076
16.440449
100.48761
1344.2876
134.00514
40.914165
18.973598
12.238497
450.78287
19.272896
17.32563
16.594969
11.175551
550.5902
145.71814
7.502311
36.730366
803.8534
14.34973
29.950754
556.77686
20.860735
155.87376
4.413802
73.0207
32.441452
16.24895
21.869642
687.806
428.56992
12.275042
220.75179
38.014797
24.598667
33.086765
32.093204
899.61005
19.419535
17.160519
19.011486
54.00949
166.93774
6.430288
313.61978
668.6355
127.34391
413.30847
5233.8403
23.557154
21.442263
434.58493
181.31119
241.79817
13.489949
36.257706
271.5239
16.525398
466.7042
15.764623
41.00293
91.51914
11.585908
21.210436
28.697138
62.050156
9775.993
18.405146
53.86613
31.029175
44.14422
1968.6504
172.3881
54.039516
6.4509816
61.89239
184.54109
58.229694
5.6433687
34.585857
112.55586
103.049416
40.119484
24.855825
54.44828
719.4777
5.186363
210.5431
84.21371
64.619156
471.11588
154.98912
91.54027
297.5482
212.99902
77.701996
4484.7915
52.510746
29.866198
1339.5691
93.09956
41.80891
700.10504
81.03223
19.367453
104.84284
20.185535
311.15274
22.139086
8.758301
209.10378
19.685179
120.11949
50.76288
84.58626
463.0807
22.455343
61.867306
66.13606
22.341282
56.9452
172.65752
12.077348
971.982
7.9653597
45.03027
19.69771
8380.931
11267.272
22.076862
169.74695
51.748783
18.60893
76.17687
36.191383
19.722305
7.4103713
1685.7695
50.554386
511.896
7.216217
22.338652
381.7972
27.526897
29.779139
817.6476
889.2319
91.14713
155.84709
27.708334
739.8089
25.704521
4.9629717
25.4938
175.68733
5497.932
6.007231
280.73566
23.979004
23.350342
35.57173
131.77908
32.25652
27.749834
10.73767
17.483755
10.947068
14.74161
266.3895
13.672558
20.941164
23.905315
19.215076
18.027853
31.15548
244.52536
36.895653
1939.0878
99.238075
265.77487
457.34726
9.458806
252.98468
5300.2593
318.6163
427.35406
68.06816
901.08954
57.137722
13.153453
16.759783
57.05482
11.269032
8.122515
350.22067
143.94014
36.148666
208.45338
328.01562
231.36122
308.82706
293.76324
53.964108
52.12446
24.600843
160.04823
477.94608
198.87451
7.1142516
899.90094
478.25635
37.666973
8.787485
28.527416
26.87925
21.534842
1573.828
288.4526
133.17525
298.16916
35.26231
878.3429
21.668602
650.7969
209.06358
37.315582
6.6418004
53.129383
50.41974
153.61084
7.152233
138.16277
62.25877
459.72195
14.760097
39.262016
5.7958274
533.66534
197.40196
189.84422
29.554483
11.214991
52.424755
23.505674
205.21614
938.3203
48.583237
32.806202
33.652424
247.09085
31.686203
26.391825
31.77479
33.935852
250.53691
1230.5227
1638.65
409.452
11.337778
95.145386
41.456448
11.646607
52.07215
90.97449
225.86835
335.4875
76.69544
452.94678
6.131583
15.1233425
14.063538
153.18703
31.483822
20.80839
229.67824
179.80374
936.65784
33.117054
23.120377
6.7031336
63.554234
208.8207
6.5396214
1233.4418
25.412645
932.9692
522.7567
332.08765
25.956846
126.00725
20.086687
41.15341
25.855755
703.8034
133.5356
15.742425
477.09494
11.846255
28.404161
598.3806
326.48297
24.688751
933.4338
782.1108
847.80975
165.63065
53.6064
170.48666
50.69704
54.306618
338.2381
317.9473
44.859386
5.596885
156.27208
760.05035
94.4422
36.22734
888.3699
163.1555
204.27167
322.4277
61.121433
314.63068
25.5861
20.519896
120.08822
146.72775
226.07848
50.97623
140.24727
1008.7047
35.23084
360.81033
24.404093
49.70476
65.74138
445.76715
99.417816
117.03328
2549.0483
106.385056
100.716095
18.86195
1273.5801
415.62277
55.48101
59.4144
1154.1614
523.2512
100.43295
14.988654
309.98608
40.57842
139.62344
90.74781
53.36601
191.16869
52.36451
27.746927
1671.5934
15.281906
2391.486
1538.7021
18.52444
28.117573
22.821165
152.08075
13.189616
9.927649
30.279654
1629.0347
732.0425
199.97989
16.791134
183.26265
142.84137
615.032
34.00278
20.40666
497.00092
985.49506
389.727
107.935036
37.186268
736.50104
68.63847
116.2143
14.78593
120.82503
21.09659
20.590178
2619.2957
64.654915
16.76599
59.5809
68.058495
309.19305
76.135185
133.14307
1049.8202
29.087414
375.97568
27.176462
15.544394
85.699425
821.58905
14.565269
55.851402
1233.4305
21.271969
12.096035
78.64222
1589.7261
2860.5696
73.393654
33.740303
4.7195
542.7514
759.28424
388.8102
87.26424
47.51514
72.79767
6.151069
90.56733
24.243221
347.0824
20.080309
61.758133
11.089386
348.20645
330.35602
179.47661
504.58353
44.462154
292.24368
2100.127
56.987984
22.341368
20.20216
26.022268
3444.428
55.283848
28.949299
40.219585
280.34985
421.67517
221.10027
122.175385
9.021141
16.632221
96.90512
57.174736
723.48737
207.74767
43.01884
563.0636
15.360131
20.00022
41885.203
21.381962
1930.5437
261.12
26.712833
72.38666
24.414257
48.56838
1701.885
5.8456545
19.600101
28.72227
76.925896
47.1792
203.45172
33.2854
693.42303
30.935307
14.028556
68.4955
44.79167
31.17558
82.56719
41.111088
11.376906
3202.9998
1584.0825
161.83316
62.924183
22.024647
29.303661
35.314617
96.337
3.7492504
25.438238
7.9138694
104.41651
102.49726
631.05585
113.26855
25.932629
10.486184
7.8928084
36.456375
6632.2085
136.56549
32.709934
10.911697
19.921339
22.20278
490.37335
140.38342
7.0663514
58.30182
12.487201
277.82828
35.76238
3744.3936
24.38298
1219.4578
35.118874
18.39848
1160.9517
99.50936
13.647155
21.691416
79.65058
12.188697
29.06539
158.9713
41.155945
338.156
15.77564
1099.5723
13.069179
746.9771
50.42272
82.484
62.63575
932.6272
276.7879
651.7043
237.51437
35.818356
34.60106
77.06916
36.44299
81.82154
243.01021
25.585709
111.015
655.9237
20.32254
283.92194
65.56454
24.944643
32.018776
45.89223
97.5488
543.0706
19.937927
22.704554
253.12299
583.4031
30.084377
82.884735
54.656002
43.161148
900.18207
15.944265
703.97955
15.113556
341.9227
118.23059
98.14362
392.48636
19.210783
14.378575
729.8746
17.848978
38.79612
7023.43
647.2441
118.748924
8.355702
22.01074
211.68123
53.937054
664.17816
34.176655
13.399568
273.1724
68.85398
2777.2031
197.88931
365.00305
477.80594
5878.832
28.86589
63.842785
387.81903
30.625925
519.55865
1567.0472
10.862457
151.4755
68.72808
65.440475
17.685966
1754.1804
644.23914
486.7872
1246.3475
706.0686
270.70312
45.19903
238.98933
3.349434
12.105325
1623.1349
6.6128974
21.569157
104.004036
41.995476
30.870625
26.395172
88.604515
101.20681
6.8868995
27.861364
24.454693
41.444176
11.782263
25.149422
89.57285
29.608627
88.99037
33.880184
956.1028
14.734391
9.917076
24.80729
247.59576
246.67422
29.682531
6.5978866
2701.3823
547.93524
403.44437
64.85506
549.2209
1023.0473
29.144981
34.9336
430.47568
168.65414
220.14912
21.325136
976.9306
435.6819
49.960022
40.686394
20.795444
23.506273
194.0094
101.444954
248.8339
42.31757
183.67294
30.672237
14.310504
295.7262
339.47366
107.31622
107.73311
20.775043
31.181717
82.52806
1474.5981
21.291407
47.172398
34.373924
70.36698
19.047451
20.697523
9.942488
1127.0759
7.8439193
58.05943
202.37917
21.542887
124.07208
18.742672
20.276249
20.073545
7.911757
437.9456
555.44226
875.2703
1091.8881
7.0120926
13.326354
2226.255
9.205738
103.79229
9.585194
250.99022
14.7461195
144.42126
433.08676
16.735195
1568.6906
76.88963
14.583818
37.29716
26.349112
4.7077217
77.645775
17.669142
143.56245
687.5483
329.66614
503.79016
102.22871
41.129436
141.94499
241.57483
1774.0586
204.42622
25.198997
60.025555
69.72077
35.971294
9.788939
97.08318
380.43277
22.617302
6.230232
2025.6346
5.932365
209.89476
22.387753
193.88676
162.53615
866.45026
1618.7655
60.164852
24.062458
22.726103
363.9122
1628.5524
17.698921
48.576744
41.846455
182.15654
1177.9264
112.69813
23.022192
449.47464
24.641565
579.62976
496.22684
686.667
28.334435
310.434
46.08078
41.340454
8.831633
82.39858
61015.176
39.103542
29.089327
121.60451
17.11132
23.786297
364.93503
20.702795
99.12433
77.561
54.628616
359.46262
2539.016
19.46434
450.74503
49.354244
703.88226
22.506842
441.8713
6.7863975
140.1986
11.108695
1411.7548
19.727972
42.947945
17.359854
19.30627
12.695782
31.324232
2268.601
22.564487
38.586643
164.95155
20.577908
25.304688
45.716118
77.812416
42.911976
49.45505
22.906864
34.47873
913.5185
33.562515
2790.0586
6.634221
157.09248
113.4921
89.983574
175.63339
5.462222
28.34896
17.59518
446.1578
89.50334
25.783127
25.772722
109.953445
623.20026
65.09424
432.42624
1123.634
176.75037
19.87773
629.3406
60.143135
57.445084
37.90941
417.21005
1153.7698
37.453957
332.27457
29.540352
28.115765
50.58343
120.33654
34.254475
305.9199
326.60068
94.0301
22.331575
219.072
78.987335
14.061489
450.4764
13.784995
116.98222
204.05176
41.77808
3453.4302
29.661068
97.90608
24.622478
40.870087
89.01049
34.202118
158.30986
386.86362
37.47937
862.75055
67.98217
371.53445
171.49754
84.96094
159.98842
104.10897
390.1184
25.056402
467.461
10.281923
200.9117
8.496414
449.55905
43.205635
39.34766
15.229264
130.10706
462.1487
443.8134
142.23302
342.09232
204.22318
31.648333
917.4793
20.56069
6.7949553
61.656883
229.37375
11.612206
21.780443
692.08887
229.0581
878.9303
449.77695
767.12195
67.850914
47.65062
583.6112
28.384136
55.694996
314.52225
32.897293
74.221375
46.140236
10.813734
388.47073
140.84875
24.245388
79.34039
390.00418
11.188822
733.7325
76.308876
53.389427
42.492683
30.005552
65.246704
17.163591
18.151375
406.47684
189.56778
90.01881
43.89489
24.436638
272.75043
87.46637
401.9096
10.33786
40.26704
903.7561
106.27407
563.12994
1481.2521
487.4773
32.903683
82.6401
20.898783
23.25822
664.4167
18.628841
155.28755
158.07533
925.1378
55.978874
35.776653
98.73384
82.97735
232.44511
34.693867
24.423258
28.970467
26.364902
7.9447274
40.06198
56.05821
205.69835
62.819077
10.454151
511.52365
22.177244
134.49812
712.8327
5418.8047
26.159311
15.917195
859.8777
72.71219
109.4498
54.23755
21.232721
405.80753
10.62231
969.5906
1727.9375
10.147785
137.0179
114.52682
155.84181
2336.2722
525.9559
1530.805
327.303
4320.2603
903.2439
7.547754
756.19965
140.42226
639.95856
51.368443
19.516872
9.375959
13.411385
77.52639
73.85953
1069.37
70.42898
112.62131
1045.2617
53.441017
969.1515
6.079602
1082.1709
52.07529
345.1379
17.489708
472.11642
30.092455
88.75924
754.87177
30.095655
604.33374
30.375605
11.674592
137.66002
403.95584
23.085176
26.623
34.99233
68.17623
26.82983
468.97543
246.84732
20.408625
126.07234
46.53499
202.95068
225.42345
44.72006
15.040331
676.0022
197.28293
13.82994
65.4689
26.261915
20.618399
10.435801
37.563534
28.998194
276.14862
424.91916
18.786295
67.23246
88.09258
543.9497
26.632591
151.43398
418.43454
168.70778
22.24912
14.339032
22.034626
39.244453
79.70863
14.290694
3251.1572
202.02994
83.81298
26.37959
406.9432
12.24269
36.809696
637.1609
114.65484
15.537124
22.670496
371.18988
12.072572
87.19365
51.930527
17.343485
82.731415
150.51027
7.18421
740.9531
33.870113
139.2719
33.078014
28.421688
789.8372
29.097471
25.40644
224.48552
232.89369
54.95418
62.480934
239.0274
44.85577
40.314785
19.460112
15.482189
18.029917
17.719542
30.405376
94.34596
9.71519
49.859177
32.772404
199.02563
21.83299
5.399858
273.25226
662.6816
69.31764
11.047871
58.668793
470.26978
168.81706
46.180283
190.79813
275.33936
785.68384
19.756618
5.6816425
7.9790545
63.248466
114.3914
42.108803
17.269028
25.634708
48.37623
34.72777
54.54366
13.660935
47.626472
420.5248
28.571838
54.190872
941.58594
94.26956
27.425346
16.395859
172.59258
916.02625
59.24708
13.350233
360.61066
11.292877
678.39655
16.012415
518.2329
15.9923725
175.93172
605.437
19.11395
173.27617
418.1892
46.53499
21.965456
102.5418
332.6284
16.119463
48.07692
19.301805
393.01767
29.50522
64.06314
24.108839
13.622816
101.90297
84.558395
46.633305
26.07158
1641.0631
100.4318
133.26044
7.351952
91.093864
90.743515
9.546601
64.79104
598.5789
225.86566
735.7516
1039.7875
9.546601
74.93866
54.0582
449.82178
131.93407
5.732622
19.266645
9.670453
37.564312
93.58408
37.79258
34.844456
45.81364
143.50024
11.892946
19228.836
26.298601
23.140358
56.922184
581.77795
66.489075
895.0062
170.19522
1175.9133
31.396399
782.61066
172.67465
62.738277
1073.5441
803.1507
221.29277
105.44206
13.704153
3.8124807
277.53552
154.45284
137.43408
18.45696
36.074966
1997.4783
76.34567
228.62064
93.18003
445.0024
17.41734
103.130615
93.20586
8000.3745
14.785083
124.04777
18.172028
6.494277
5429.44
23.485916
256.54782
371.28934
46.08203
81.24045
75.42251
345.5201
10.406969
267.89352
145.53128
30.248108
61.91922
32.85632
804.31116
32.888508
73.24608
386.00067
23.248547
27.54662
9.815984
18.810102
928.79675
47.182587
577.44104
37.554016
29.172144
266.45633
6.366933
852.3524
35.535282
61.409477
33.880474
60.117477
225.59227
80.55501
29.801044
43.609333
10.896045
4502.1855
36.22684
1260.1771
87.73474
9.517091
67.98308
22.928114
7.4846168
55.887497
187.13283
101.5188
59.442932
31.883217
100.94293
54.74127
471.1595
68.660995
8.822262
529.8712
28.207386
120.290405
14.114763
829.49384
91.336296
33.981354
433.78326
16.482363
16.65798
72.46236
5.240383
39.382664
6.9054976
484.78583
365.38718
79.762054
19.443626
242.34692
4.7077217
1000.4231
8.218166
45.68164
139.53418
529.2382
4.7999034
63.505825
260.78973
14.082692
33.996864
715.21906
69.45694
53.988724
6.518255
25.459566
139.76639
32.579346
625.57855
33.951965
24.586477
67.30447
175.80415
92.98354
3338.8647
557.32245
11.764455
462.94226
42.757145
1173.8242
111.908325
48.610107
43.230232
79.69442
527.7443
30.67436
2018.1339
189.75616
87.26049
100.40533
67.47755
236.77992
380.55975
32.30231
32.517185
779.74286
123.914055
124.9596
499.1884
29.210464
256.95087
186.97058
61.84896
38.5397
118.105774
57.03031
13.801899
10.543102
927.2095
176.09798
719.824
174.26486
10.628874
1077.626
88.590996
33.88853
38.653812
15.382373
165.35318
25.695301
15.80569
61.2371
57.335728
358.01102
223.21478
774.495
826.86334
495.12778
39.53772
787.0
32.99046
48.851536
59.462067
25.256886
21.506596
36.005177
102.00015
52.106712
32.336403
18.551933
11.872384
32.29473
19.86688
730.88837
39.395027
100.97307
7.1743174
126.82241
27.836803
169.9137
260.0928
11.989121
43.961926
183.34612
99.590004
29.73967
123.42831
34.887188
4100.8936
61.48205
147.39717
101.69419
14.803044
1121.9252
723.46185
23.047474
17.924654
56.15082
23.733097
552.53564
60.453583
680.33405
52.581013
31.44432
929.988
19.869339
37.035107
773.7955
29.825558
279.30215
39.06013
222.53387
20.907356
108.469086
1093.3438
502.20215
223.91377
12.6424
539.61035
1160.9523
60.04279
5.426523
39.32007
62.646088
349.30722
15.464106
15.271958
59.23191
111.64119
31.60624
1800.7548
138.39778
41.726376
240.87732
10.786578
333.27185
6690.718
31.803272
394.2266
172.96661
2790.0586
32.03523
673.99243
415.43454
43.335415
204.75635
166.36186
67.392624
518.381
161.77045
12.034803
90.25102
177.81413
22.976751
54.60695
14.417679
107.20139
60.47105
2310.3987
561.5163
100.794846
769.8351
44.58562
845.65686
31.944513
419.28378
27.18282
468.77597
505.63364
58.323647
10.402117
9.9798
5.462222
1285.4719
29.425837
51.527885
780.2952
4.7077217
488.19217
35.436245
159.8683
343.53998
11.162147
928.6391
20.465708
353.83853
122.08739
40.142536
64.69734
159.1868
35.137836
204.19348
63.670315
98.08085
47.169483
137.05443
82.47818
25.288584
78.60308
129.34947
1211.2661
32.636665
23.26268
88.55793
33.96083
7.359366
592.06506
97.17739
13.259821
75.8618
5.486352
521.3985
91.66952
478.474
4.7998743
8.587612
1752.6764
135.54997
18.670753
11.7556925
64.897934
83.05402
98.97825
41.129604
1325.8422
431.45654
433.85297
119.22461
998.5553
125.962975
18.796137
97.18953
161.53188
17.989992
15.878077
3017.2273
60.023697
172.3881
1303.8492
29.791033
153.79927
270.0733
375.6798
554.64404
9.828483
210.04314
17.734318
48.35652
743.3191
8.555827
8.739633
15.34317
50.964977
94.950676
593.0678
205.59363
5.126863
13.552544
163.83952
34.758842
82.439445
57.333378
28.038185
66.564926
1712.087
221.14456
5.749708
99.85353
61.758163
463.70844
71.102936
453.15286
344.6301
31.020582
25.377134
48.01037
553.67584
342.35767
17.907692
705.216
7.281526
73.59242
157.76237
740.8111
21.358164
21.031858
272.5695
371.48862
188.44762
100.37698
327.72202
49.793
13.524591
1744.0303
69.79714
10.3203745
531.2305
396.54028
498.8705
59.12296
18.967045
2329.742
369.2878
209.42369
51.011517
146.32013
79.954735
2251.7712
43.00677
14.629815
14.622228
187.08054
648.3159
2775.4094
2367.1975
52.159252
8.723268
332.52628
177.89963
371.6234
14.569052
213.49727
905.919
18.787388
75.051735
694.37665
21.236279
31.9786
833.2746
21.123934
3189.144
63.634228
11.71831
20.740568
15.462985
20906.99
40.906654
149.56192
990.33484
1578.3282
28.916594
25.801489
57.03782
14.218621
93.54263
28.048923
44.005417
445.25436
522.56506
36.149628
16.424307
1247.7972
166.23125
28.376951
40.895947
442.23196
1168.6788
14.959457
20.148502
11.339907
19.999262
313.2581
63.47806
32.479694
12.737425
37.3821
36.436275
13.893416
30.389496
1263.0146
26.08977
74.725174
25.726273
94.94624
732.95135
29.94609
1666.306
756.1665
50.698395
88.055405
186.03485
17.4911
80.2547
58945.203
692.9233
1808.803
12.043179
215.52592
35.84789
508.84714
60.323853
9.261942
250.64291
14.895901
35.91067
320.61996
647.56116
15.58298
96.90822
39.171547
203.98851
3650.2776
339.3455
38.289104
169.27193
286.3083
8.697174
50.80295
904.351
10.438828
44.02966
47.64117
200.34515
38.168324
120.65813
28.254648
17.343695
20.142336
65.5947
204.95444
14.509173
267.1358
22.792723
11.320451
1096.6577
19.180185
806.9042
117.552574
447.527
39.998035
187.62497
1252.1227
37.322353
24.607061
497.10403
10.89793
116.41364
1039.1981
74.54186
77.23611
1653.2307
97.911545
567.3826
69.93633
16.272675
21.438751
625.0677
769.263
1876.8295
100.3755
171.03407
27.771091
521.4865
203.46481
20.687672
49.985817
322.69745
43.00233
30.915796
39.748047
11.143152
421.83664
110.94535
276.17102
37.777615
262.09012
2779.286
521.1524
303.15
14.136469
163.0592
147.50262
9.06476
57.4949
26.957293
37.21128
365.18585
55.217876
49.083996
460.3309
19.5562
262.98322
17.249022
49.472466
435.47772
74.66348
51.16783
3581.181
4.7560263
52.973415
179.07115
62.129646
185.582
23.976124
31.484392
68.25274
18.419151
464.31534
110.03668
108.19087
7.009422
40.76097
17.36373
55.44071
1057.8824
57.499916
92.64387
1112.2567
103.843124
524.2657
43.01762
43.102985
17.890203
6.150765
5.688904
25.85093
111.91446
176.68347
108.725784
14.179027
14.046987
1202.7997
54.755756
5.995565
43.4116
37.250507
14.216417
528.31104
111.62943
79.51078
282.72574
51.103214
13.145533
261.20804
75.64337
118.65955
44.143208
41.67549
88.673874
11.55378
13.784693
50.452625
730.2108
103.621925
569.1022
193.6844
115.62325
16.57458
17.107458
18.364544
100.180885
261.86688
131.20712
25.182278
18.655481
145.85468
718.9163
35.876053
83.91811
10.500842
147.31987
367.64856
36.703457
181.16402
31.62638
36.63206
37.22253
270.4746
218.1583
38.42679
92.49993
75.06541
33.374584
40.46003
495.0789
33.175335
93.232216
131.53468
921.88354
166.23015
446.11526
1169.1715
106.954124
309.88443
21.33483
115.23049
11.382002
21.232153
45.7017
676.3994
41.69201
15.401357
9.67455
21.72406
128.37415
7.794625
12.9142275
117.340385
61.145134
132.15797
113.12638
27.269287
664.8791
2405.9756
446.03125
16.662945
106.3313
63.899372
148.07336
54.038574
181.33705
24.08911
11.307954
191.9232
38.277084
13.854174
199.59578
66.9463
67.6864
437.95056
288.03436
115.419945
51.868065
1778.0
783.3305
33.516327
510.78586
1340.8793
13.669914
7.5633574
227.4769
56.04615
50.230606
46.357857
59.19425
5882.921
31.260487
87.48468
565.72546
52.207848
31.56814
37.062675
669.4713
154.25294
25.000322
88.60971
415.96594
2047.2415
52.35714
64.63463
47.034534
43.507996
14.237221
1450.7283
98.86481
18.385324
11.073965
7.284826
25.06319
16.198841
181.60738
70.42898
44.188446
60.073376
26.889544
815.7246
51.598007
23.432083
11.98125
218.20044
659.28894
17.643044
97.176094
35.21474
128.69217
32.7309
47.40137
94.04112
45.839653
483.4836
125.297134
9.312922
6.536353
180.03511
149.37724
1512.3843
103.42778
57.98622
366.78967
10.319253
60.73031
530.1555
114.924194
68.28991
216.98907
5.3526897
958.9903
693.3179
750.57
678.1582
3108.6106
824.5644
32.7864
119.45724
11.724585
526.32263
29.159939
30.168999
49.304283
12.844057
21.640068
3.349434
239.64243
1650.6991
835.0036
632.6608
13.947026
148.21507
475.83267
516.31396
384.44174
84.88529
279.8427
454.77054
23.289833
17.454655
22.797934
12.339582
95.43692
65.13762
23.900415
465.49762
864.9436
29.212238
18.546413
757.16125
49.42367
54.509354
13.755103
403.64008
354.7141
71.543564
235.7175
52.133728
315.9124
323.1035
4.8485937
77.35272
290.31238
228.40709
292.63428
32.884792
91.336296
245.38351
67.42535
67.03415
861.7059
12.67043
290.5912
47.496704
32.84628
16.314167
28.466894
207.0311
13.694354
805.71497
18.690733
73.53605
51.482296
91.51269
48.258987
973.69183
82.197334
81.09516
848.0511
170.54253
11.2121935
424.39838
12.419745
58.706127
467.57452
68.759285
1602.3578
13.8556
408.1004
21.221296
15.082872
105.60232
974.37976
196.81134
10.506351
26.075739
1037.5701
337.66907
230.8029
314.50064
143.7391
38.710716
50.114475
10.520558
11.257764
73.362404
657.88104
710.0123
90.89995
643.20355
137.50513
20.94354
929.3151
21.713997
634.103
20.802288
9.224247
8.46573
7.6532197
227.28433
235.5201
39.845936
291.19705
17.699656
14.285395
9.57133
121.0732
14.48252
249.74634
171.49754
2403.4531
1108.0231
60.768517
33.90026
235.901
855.0061
22.824366
94.43026
521.0855
90.76629
30.804506
182.38469
113.30658
1557.9865
149.94873
6.1950517
1561.4493
60.730484
312.93335
424.40442
90.1889
392.60468
16.82449
83.396545
50.27815
28.781322
2675.3748
4092.6538
624.95087
33.801476
801.0876
60.463554
270.08426
9.525871
31.8919
3560.2212
38.710945
796.2575
14.932457
104.43295
213.17511
41.46922
103.43981
44.83726
61.477303
4154.009
51.70643
108.84571
648.80396
31.72728
40.57207
142.22487
1737.086
46.166016
11.062992
71.51076
132.46977
24.724504
411.36377
31.02675
42.98509
6.9103866
39.762005
82.001724
29.775347
1744.8871
1099.5648
817.7708
121.3158
21.792635
317.26126
341.02814
579.92053
34.066437
26.497364
64.86192
37.880795
13.135984
257.1011
347.9278
11.143152
159.62286
33.142796
418.55328
674.4879
510.0292
9.844446
233.65819
15.2380295
177.13765
17.159222
4.965452
15.684619
15.100522
28.238642
664.21747
17.87211
1364.8556
419.81735
20.200249
788.37463
19.710295
22.246777
2163.5874
254.58353
20.952522
138.75214
13.894793
295.23715
2063.9448
571.9491
132.6644
465.856
437.33124
220.27472
169.05269
18.151747
15.953528
151.70789
729.4501
34.626816
50.21875
435.97552
92.383514
106.2146
871.4535
38.87866
46.26067
52.873737
1083.7946
25.554214
11.359706
40.361526
12.635761
732.2677
16.202839
2309.829
956.4941
314.63324
15.796408
7.1865544
56.538353
1305.3136
74.2743
1113.2379
410.35028
57.63734
4.7077217
10.829394
411.3414
40.092484
1587.091
178.01648
156.2603
171.03407
424.73907
196.49402
75.07958
89.99885
160.56573
30.23058
12.018841
47.71805
39.278606
50.67268
563.71027
260.336
25.951908
23.372398
812.642
11.622671
84.23885
209.37225
56.649696
22.867968
69.71323
257.968
252.42245
57.919155
76.60334
7.3012695
48.56023
326.3698
27.865936
81.264854
40.977463
25.516056
36.831646
12.491268
200.20648
13.955631
19.640213
31.983023
799.1365
39.560226
92.20787
93.235855
53.79449
134.00366
374.3419
13.730787
30.86139
42.531696
390.66696
603.2144
19.945036
311.14728
206.53897
8.331282
63.571083
284.7381
1659.9784
57.745945
16.643538
38.750027
20.707445
22.40185
62.675667
141.45607
46.696064
357.0253
30.344458
540.51324
855.6946
259.6955
21.822
159.82858
22.181177
18.748882
23.249035
1233.6417
25.468224
648.2294
34.63685
432.66403
12.306033
8.420602
17.413578
456.27295
215.56898
68.651405
82.26279
15.843524
6.6165333
107.15791
259.92627
50.7383
264.52737
644.97284
13.575932
23.353048
26.620993
27.871716
47.29523
33.82225
50.431545
977.0168
52.066593
221.95187
93.41007
448.5651
21.19692
47.018456
202.20862
12.115075
24.24225
41.877804
46.185337
21.293152
35.423542
2443.0266
125.95643
15.98617
136.44815
916.32416
128.94777
31.869164
1437.2726
184.18513
28.02341
790.88336
9.056982
15.451008
30.408855
54.905464
806.5526
51.989223
132.41475
8.7200775
683.44476
27.882097
27.013187
290.48535
80.038345
72.071556
527.12915
49.8136
55.908314
4.5465856
57.731327
11.672697
29.950861
16.166586
394.4274
189.16516
1094.2654
152.30725
3116.0576
39.652504
44.59573
293.13913
52.933117
19.960844
19.871416
29.7154
12.781763
906.11255
24.744833
734.323
93.270325
78.37164
119.31498
956.03625
482.48917
22.181093
34.794598
869.8303
15.1345825
298.7438
122.2445
307.05634
66.0482
554.8882
447.07462
17.500835
62.99098
271.49918
1202.4802
151.93912
56.038433
39.094807
38.268654
30.39791
53.80075
274.37015
110.82813
232.47615
104.59692
73.50622
47.003456
15.190253
26.946508
1434.4628
988.964
44.85504
143.06987
23.915874
114.24145
985.45703
24.963234
82.697334
25.148026
13.515665
14.786948
85.5287
253.69525
791.82336
273.25006
20.827593
36.188713
48.435677
87.23595
24.632431
41.50756
31.224531
437.58215
11.222783
177.96318
49.6823
13.74359
1288.9165
82.62359
38.18987
10.768154
277.3125
52.954857
172.00728
15.799059
11.739496
7.0851064
15.054366
10.564946
85.2894
80.83078
39.561794
25.86943
4.9921546
135.85876
673.3866
645.0636
71.764595
215.42924
4125.926
36.13406
170.87675
274.911
164.83574
94.42413
98.50004
111.50734
111.61378
925.71405
27.826712
7.5275846
47.659004
928.96106
864.4694
2798.625
444.5551
483.03842
4.8109474
35.292255
269.67242
2200.2195
4402.9243
343.87234
69.57066
6.9956036
8.881964
530.85724
145.98006
95.32853
239.1674
24.047161
24.441025
108.619705
2497.2185
25.545979
327.48132
936.1475
46.953953
16.66085
88.61043
16.26399
82.48337
2639.526
11.440864
60.406784
72.32042
101.31497
23.591406
54.676388
122.401634
44.689426
148.31949
320.41226
284.89197
137.15453
128.36728
28.65932
21.044329
4.7250037
9.370703
41.39491
1373.3241
83.00382
43.199837
20.677153
87.06905
264.99448
7311.5747
27.409384
56.124992
12.171395
6.4983497
194.74432
36.12301
390.37183
330.70166
87.62529
25.952677
10.360087
89.29941
154.14088
44.28581
226.23679
28.072567
20.04679
14.846847
384.63776
36.832638
49.655537
40.455715
33.11793
82.84542
12.805449
158.89711
56.074703
49.691647
673.4633
26.986912
467.98267
11.77365
714.5656
17.969158
8.313933
4.7342486
153.69884
28.483059
581.6745
124.028725
291.77917
360.08743
184.54936
351.6001
228.57585
7.491365
52.80494
37.421432
459.46994
8.004025
