396.8607
22.64953
449.6058
56.486156
93.0542
20.076502
68.18046
41.093082
179.27278
9.50464
79.53011
78.97434
26415.025
76.32999
87.51759
35.91876
110.89495
28.100128
52.042824
505.46634
23.36681
267.8137
23.988655
96.53183
124.88026
23.530716
35.69149
120.3689
86.17925
26.178259
17.574728
147.58769
31.868725
6.602051
89.061264
56.802853
18.91128
140.4501
310.04108
524.9131
1028.0098
1100.3464
40.418976
1445.4879
294.39606
30.656847
1075.046
441.24197
74.34584
20.020607
119.240524
25.689953
2860.609
43.78058
11.518872
52.63549
830.2722
22.571888
120.063194
1120.6761
28.75194
851.3897
78.42192
47.943947
291.29095
36.095444
154.48701
162.16835
565.2617
54.766068
222.98521
7.294579
28.507788
126.46503
58.234528
1599.2557
21.4214
295.0635
90.67276
16.898865
13.778029
7.4315796
14.554265
24.660213
3159.1333
1172.1508
21.779629
410.36716
67.18829
367.73444
791.3134
81.11859
14.619104
14.255304
486.60272
43.04452
83.75765
16.060114
27.219046
52.891083
8.713569
653.435
1413.2831
68.23826
186.31209
19.761826
369.68
10.36475
182.61574
164.20094
59.594627
15.813458
772.3899
69.85768
183.6627
276.4887
1320.0996
9.217991
389.62405
27.228937
33.04292
18.881733
18.161243
805.1174
47.95245
275.84647
97.84504
721.65265
229.9602
111.97808
72.278114
28.124754
401.8044
135.47858
725.26306
196.54248
25.42705
17.094728
18.04357
98.504074
198.79431
32.33814
22.15583
303.71353
137.49307
181.38625
762.5828
24.092342
8.823741
61.166626
438.94824
1473.7756
271.8058
193.68987
363.78677
52.00792
11.346762
48.816456
66.85516
22.351566
473.35736
694.13196
184.19261
814.10455
100.02599
35.007473
45.4005
797.77576
856.1252
4539.293
434.80606
18.39397
45.362587
8.069928
712.90576
239.61807
7061.9624
32.714348
34.30431
8.188939
49.364212
19.118681
151.65965
11.899149
1254.3529
35.72081
45.622192
1048.214
41.69355
396.23276
37.86345
18.5298
19.064365
103.94677
257.2289
410.53232
8.666581
22.700363
61.019306
3735.4805
563.2435
53.0025
19.582449
13.089121
708.1517
59.198
41.80917
136.70746
4446.7725
513.81256
23.745226
46.53114
127.70317
113.26693
40.98187
85.94833
113.58474
920.8071
55.484715
28.61508
217.31981
77.41017
118109.91
81.84929
113.811905
159.99567
152.66681
27.95467
65.07497
22.421907
278.3152
55.89144
94.54028
22.931389
81.13964
11.446429
12.6149645
52.440132
536.56036
170.4891
18.507685
9.173872
57.85043
39.58591
8.939931
44.22072
16.228275
742.5079
280.5285
19.69777
49.613113
704.1467
916.65283
783.8865
35.308994
42.550014
165.97891
37701.266
993.45404
17.222685
1183.8099
53.004547
40.275604
42.040348
33.942406
38.241577
48.932167
9.1324215
166.38486
21.444778
263.97296
581.28186
48.26585
4510.5786
61.48097
79.406364
58.7891
38.45931
24.159544
504.527
8.120715
99.69007
330.7578
2145.061
733.1859
405.7046
10.340805
21.881596
21.377445
72.58038
91.12866
41.99908
299.29916
898.6004
25.388113
15.939784
648.7662
26.339413
59.3673
48.64103
64.617676
56.58677
36.90704
259.61203
21.803522
27.43546
177.48581
88.77587
8.639945
365.40378
134.44286
193.8459
681.0449
13.007245
7.028579
1742.9861
150.34961
16.914083
1397.2021
48.367764
26.527636
125.35008
27.08915
177.82695
34.64473
26.036634
324.81308
39.98608
86.00323
11.079883
34.147568
31.864035
10.232366
7.268464
81.366486
386.4335
304.02
660.86456
114.00783
98.594345
307.02075
13.793747
824.62726
95.35813
149.05458
66.91267
849.1801
31.943096
59.82111
174.25206
32.92605
99.09513
74.14938
159.3396
6.029812
528.48114
339.14523
293.97202
33.52325
66.362
13.318709
492.16003
69.52855
7.497224
1081.4858
91.199524
10.640469
25.268028
5.432073
203.0687
724.75146
21.986765
12.847714
77.53156
10.841386
79.471214
26.432064
30.262512
2599.7698
754.02094
104.41324
69.303925
15.018402
1086.3013
2226.4268
28.193974
225.3535
554.15497
214.91632
16.98727
29.940279
209.42657
56.497364
9.266068
102.243774
1880.3634
30.787052
343.54312
23.989874
21.635735
763.1183
50.1757
880.3518
93.54197
138.57045
386.20892
17.602695
50.223915
198.14528
1163.4111
8.140178
321.32156
56.000923
56.67623
133.84377
51.28348
992.0657
73.56961
14.461356
44.620438
4.862447
26.861065
11.089474
102.993515
675.724
68.21691
52.452274
1168.0114
56.24373
1159.6449
9.424052
86.64862
99.05412
404.4242
22.06508
34.72528
7.8281007
608.90344
64.92839
494.3653
9.410664
1017.75836
19.111189
10.95206
454.5429
146.86746
26.324215
100.204445
30.045677
316.0304
713.1778
221.81592
962.6363
38.523693
611.61176
66.55261
47.120296
21.261833
97.67819
69.52108
11.712754
18.506144
14.97457
30.233948
34.26928
98.85288
979.1421
47.995125
821.43317
34.390327
57.64578
17.145277
91.0596
26.851107
41.587868
14.697194
8027.858
39.886017
217.96762
45.08845
897.84406
44.28514
42.06885
771.30005
25.411785
36.900024
2859.8452
381.29324
1334.4536
15.372808
37.888218
45.036648
11.3457155
585.98816
188.55855
17.841911
109.39914
21.282444
79.862366
166.0006
88.45618
1740.4886
28.743181
10.0004225
44.15107
117.24581
3140.9229
59.348564
8.079739
43.356094
117.95231
20.797403
566.79803
6.445474
14.6357565
3821.6511
348.84512
1963.3397
642.119
13.052236
8.850378
285.82855
65.97914
112.3107
118.82477
95.4935
158.18535
23.050983
79.5986
39.540813
578.53485
89.05082
1695.8693
250.92633
53.685226
13.244962
5784.864
1401.4567
765.8862
3696.8862
22.128016
53.901047
239.7279
393.40018
13.27365
127.72509
647.09283
183.4068
1261.4728
615.5454
26.054108
23.642267
2109.0605
24.673891
21.612896
38.23554
16.291058
217.61006
2200.1418
33.42904
61.022827
36.707195
275.62427
60.231075
181.13092
22.703455
10.432219
64.332954
34.595886
40.914978
30.527529
817.71893
52.346886
1211.5319
37.604126
50.309517
105.07562
1277.1779
28.959951
181.45096
74.71199
30.193024
15.56181
33.565502
27.22545
94.52324
86.79803
297.2908
19.305367
11.978295
1370.4974
32.713196
193.2534
55.00981
12.530484
4.163561
21.641197
309.8445
60.254715
1379.8949
38.63827
358.36646
95.63604
28.899351
14.173011
2403.853
9.38824
2782.715
91.15626
74.29269
12.448246
153.43214
635.253
989.30927
21.803522
71.670654
682.74835
175.26195
13.330988
116.32059
16.058392
18.78162
560.50165
1115.2494
518.0827
45.027424
81.571915
116.078835
40.72633
255.85197
54.43631
15.138382
40.90362
29.168415
103.22439
441.36737
53.600983
10.787877
20.384981
1483.7122
194.9541
20.592695
1028.4943
99.94074
212.45908
65.16741
97.73942
2323.1902
191.29524
50.676365
41.21039
1332.3534
133.33162
770.11487
8.501901
367.37952
436.88037
31.947577
168.7295
42.199284
48.899456
43.67152
107.57228
8.446977
24.302923
267.8953
96.93026
210.25839
18.731709
44.79843
42.749397
12.845525
14.461883
436.4381
27.907246
135.59795
25.036572
34.40937
30.914698
74.6202
155.52417
42.296185
69.99281
614.13873
10.299346
1509.3994
696.68335
16.175629
57.936363
252.65703
85.7929
1245.5812
31.9766
89.73021
1478.7792
102.61473
75.39091
52.384075
122.690704
202.55835
16.52356
59.47976
15005.954
541.4426
644.0328
32.114548
48.35916
68.10202
1078.2382
379.46277
117.31846
48.559685
60.78857
166.33292
1677.5111
10.7459955
2733.4182
16.206278
467.75958
38.828384
6.1091695
34.911846
1424.5156
255.37843
39.558643
50.50366
70.67369
1894.6224
437.19278
223.45259
145.4117
72.58059
4.410243
1370.711
16.236397
24.324406
273.7272
89.79086
45.479046
316.02423
1444.8718
118.62601
975.924
8.513029
5.7827535
13.275355
8.529918
1878.5109
355.69717
15.848243
94.776886
1247.2334
232.77809
28.119585
58.138775
26.826382
7878.2183
78.879234
22.255741
34.382896
47.890114
33.27228
3114.0645
82.94163
978.4462
48.427002
28.907055
104.21272
113.34684
34.131348
14.799617
23.032894
66.21394
970.2821
41.320137
20.964838
40.440643
82.8361
37.29924
31.536041
35.729847
14.569308
290.6401
27.536467
162.9817
61.554157
2848.7092
107.04627
189.34482
12.671472
23.550718
71.70986
49.49505
26.331936
47.356117
43.970867
24.126194
634.69226
70.27219
57.432896
134.25201
43.67072
34.01024
60.307606
42.584866
633.0368
37.80158
54.140545
458.75232
42.703476
669.1043
1058.4214
598.8345
15.409658
242.23634
33.38563
541.3053
970.86194
3556.8784
84.41352
21.20435
58.444695
356.3353
9.691713
5143.918
5.586929
74.37577
20.543879
543.75494
176.7835
128.40303
93.81507
426.64917
35.80062
446.68146
472.09793
1584.3953
68.90715
11.296103
194.77774
206.03142
2134.972
205.31372
1431.2256
96.780205
10.590147
9.267475
24.404448
34.75065
3480.9673
1397.8219
371.3069
367.5667
189.32758
28.284817
378.75195
40.34332
555.1526
57.77346
44.33812
247.1632
19.976654
24.874866
62.00449
186.20241
537.72455
61.518124
166.04082
410.60748
209.85132
21.40609
24.263424
552.7731
165.22623
50.596783
15.688142
1295.0735
240.70969
793.38654
162.15366
1399.0636
49.67794
79.60107
82.957016
1737.0015
24.464626
75.15061
15.984898
60.00209
13.917071
60.715458
59.59835
50.208073
292.33105
4.2676015
238.27191
24.136848
184.14395
35.935978
1058.4471
280.912
217.84116
78.61987
32.554577
51.48015
769.5624
13.218282
22.63537
2321.3975
2059.1082
227.14804
25.471903
226.98952
29.764538
107.74015
274.10455
59.191536
24.797657
12.111771
9.603514
173.00595
49.622494
67.47603
2267.474
724.5652
7.5267916
39.312786
17.531614
25.370403
15.47126
323.03757
95.17515
57.780155
107.955154
47.705868
77.60599
196.55916
18.453423
28.249693
246.85085
164.47003
66.05627
20.134268
38.99188
542.7871
34.698723
117.91996
10.673558
187.38257
67.23938
58.623493
22770.719
31.729422
53.0711
18.039837
123.547485
234.47372
71.316826
87.69158
14.185039
50.64711
869.5023
136.0349
52.41736
31.55906
102.487785
225.92168
65.70293
332.24622
67.14189
6.9571033
99.689644
15.959962
878.69183
233.14212
118.307915
184.12349
991.4798
589.58044
1605.0848
1687.5526
72.254166
74.25153
534.8482
88.93438
114.4447
142.35011
18.024015
89.52849
29.08859
1716.9547
331.1026
14.244086
172.2182
5848.9585
74.42576
917.8057
75.227875
382.46664
29.59121
697.67535
491.3105
233.85828
203.2193
79.19563
135.2048
564.6502
129.00822
157.59479
16.47966
35.912037
202.92581
20.978203
480.003
1030.7311
851.42633
503.6595
56.336143
6.5277457
23.025547
430.658
311.05692
37.876163
381.14218
43.870823
32.870365
64.48529
1285.6484
21.358952
223.80385
39.517685
193.94864
1540.6176
8.264241
7347.2646
25.95613
139.54929
36.807117
510.88574
2045.6
186.1014
768.75146
14.461356
78.419266
31.634405
248.71883
20.03086
384.30246
45.973526
25.968763
114.67731
616.2326
72.045265
657.2615
11.607795
945.98004
416.11218
59.118706
31.256262
36.60858
86.156044
100.8145
15.112331
23.516666
65.671265
1661.3405
95.98837
7.369082
82.37225
70.3337
783.2244
51.974575
11.981215
14.299836
842.18774
7099.1484
27.75535
178.61499
1846.247
33.440582
55.63814
1060.0988
65.01272
254.77248
703.8631
145.68896
145.46683
8.801591
66.1023
52.008625
382.63318
126.13061
1330.0708
36.099083
1712.751
18.471184
5.1271214
19.582804
6.556166
452.6633
125.05962
328.8292
6.7278075
1106.5931
513.9228
35.929234
18.24607
70.47084
1182.9783
5.0588617
24.526854
25.499792
163.82289
16.274733
178.19228
121.45037
292.55
27.782978
56.344498
22.793385
1251.3104
65.789894
20.958721
779.2779
387.15906
666.1408
13.262777
300.3974
69.90766
3928.794
72.343796
140.39807
1028.7606
90.4222
70.65209
11.990239
490.8946
22.724937
137.80891
96.82613
40.713905
46.367924
39.51939
80.04045
1404.3337
10.886047
22.135845
23.82997
223.32806
29.692554
853.3744
43.567886
95.76824
2266.6753
54.95578
651.79065
67.6421
18.002636
887.44775
445.8337
225.9748
335.47342
1224.3444
404.73074
530.4972
553.8065
14.51637
483.8775
300.4789
1247.7129
256.60596
487.46405
133.21495
126.99075
1079.8369
187.21841
214.61781
31.602737
172.49771
15.396136
144.39372
24094.064
9.674347
293.88693
808.582
102.541306
75.27327
28.500652
486.70224
358.5129
125.40789
287.55334
20.331938
28.71182
263.5021
2219.2786
78.08128
59.98879
756.03595
250.59785
68.90117
919.109
333.35165
41.088764
2642.9717
29.227894
444.89783
40.302597
91.27709
1568.835
1831.7206
30.184572
1131.901
55.93114
24.600245
774.94415
28.874846
51.94082
11.644136
41.18975
315.1179
72.41161
510.8319
198.95078
125.99229
64.38246
678.94086
948.27246
28.647436
21.815248
451.59824
44.6328
83.26768
1514.7255
410.0002
236.29988
40.790993
776.6936
43.270233
825.37195
257.21613
92.105354
27.999481
90.50891
390.46082
41.830555
28.080004
27.531366
32.007668
14.84536
600.79016
24.370733
23.844786
404.56982
138.3527
7.2709413
265.00018
11.466612
8.7274475
109.13482
51.13433
9.678288
16.580868
561.6138
10.600123
6836.3447
505.83743
121.522896
82.05264
8.02086
24.811514
66.98775
5.3170805
1362.857
13.100825
590.79816
44.09254
6.5388317
10.135711
1222.4375
109.82397
94.60567
13.980056
491.0901
591.409
80.788315
8.246669
23.276617
40.31042
606.9135
189.36777
2066.9504
75.727135
392.8215
120.01855
127.57487
1393.1207
1093.4276
44.449276
1727.6458
31.290798
21.29697
193.17104
465.79758
833.39264
12.11743
32.657085
566.5932
172.24825
242.2531
146.08116
27.582167
4.58373
16.926886
524.5713
18.562914
186.94107
38.961243
203.74121
8.713654
2303.0369
161.75656
839.9578
140.94308
32.654087
2577.2493
16.85865
10.322676
1133.3317
93.73512
594.1678
872.08954
66.66238
48.89648
207.83188
6.3708982
35.106815
194.97223
61.885426
30.02325
12.7694
392.50266
45.329773
102.93135
31.061335
655.48285
91.08713
90.34881
32.483837
18.676563
541.6898
869.2341
121.15694
1549.788
81.04308
98.970604
28.28233
66.987175
12.215283
61.7688
122.67643
42.313763
11.661921
1535.4471
8.103552
1158.8549
64.62585
19.874548
346.36914
18.022245
266.31406
23.74076
771.7953
74.271645
18.355066
45.620716
22.47425
181.76782
2137.4534
11.32179
620.3028
48.601948
260.3649
747.81494
49.75258
49.80165
8.417681
181.33437
114.0423
71.54998
10.873446
22.858429
7422.6577
128.7885
30.698656
46.974754
51.985565
215.49582
565.3339
7.6258893
141.39052
21.340069
602.711
764.89685
63.6858
35.546654
31.219023
1460.3241
16.389198
392.10083
38.520313
1413.8944
53.397293
1003.09045
18.209026
8.848994
27.451946
273.01303
330.0208
50.037186
54.84491
925.5839
244.60596
32.31222
335.21198
120.398865
55.39911
349.29074
80.52532
65.61864
100.04179
206.6027
931.4712
91.574715
74.16304
204.81416
84.44557
270.9304
12.414822
20.818712
56.99535
22.734715
50.361076
70.11607
21.214008
54.12126
130.7941
12.197996
607.328
90.8619
60.864765
648.3975
44.63541
24.874866
45.549873
17.759989
15.371401
66.07999
231.06088
663.8799
19.91264
18.562914
46.91716
9.037582
44.872147
844.88983
1064.4407
22.00531
348.72208
9.434598
19.362808
139.3421
642.0492
176.13954
43.132458
20.851357
484.95114
1409.7952
172.16492
17.588758
35.18738
86.19027
21.901539
59.69431
74.335915
63.998474
7.9160943
38.25085
70.93385
369.0734
47.058605
35.48578
71.109314
13.691455
442.12506
27.767462
31.59008
261.9297
159.55408
56.76773
229.15906
9.566399
19.34246
5.7771516
500.88104
111.60989
39.93801
1196.5455
75.11679
7.1817746
9.645315
36.773277
74.74655
5.181819
259.80325
14.910361
20.256338
82.85118
191.88733
613.7734
850.2181
21.010948
900.4881
31.966173
111.87775
602.5616
47.38372
45.67119
247.91309
59.16521
18.081758
30.351944
26.21876
4.814344
91.21696
48.808475
909.17334
688.28015
186.00354
34.919846
1058.4214
595.7255
87.169495
79.66053
36.066223
35.2758
13.050351
665.76263
21.856596
119.94325
35.16268
34.87309
23.34099
1281.6937
35.298584
493.3454
67.270874
43.448307
1091.5503
385.2332
309.2609
52.63456
36.521336
16.19301
25.270094
82.37014
1671.5249
595.2519
74.52277
28.139666
33.59357
56.37336
6345.885
15.039597
12.585419
340.93774
36.1437
191.44563
105.10729
47.060467
212.27042
559.4965
58.085182
41.267662
26.42655
363.95923
102.5862
5005.208
41.893513
45.39742
8.633205
170.68571
225.47043
630.40894
182.92825
92.80681
5.991577
134.8161
24.286385
90.14801
47.61913
554.4169
100.48349
66.409584
11.345129
48.012524
33.895542
17.055176
1205.0852
47.528446
27.312582
7.9404025
121.25281
180.16702
34.506023
3737.9429
79.60623
122633.586
45.530025
60.35484
26.989653
118.14194
8.519563
69.34082
32.6873
1907.662
15.662993
2392.127
71.29588
8.360402
29.23871
56.56273
353.74155
10.547834
7.7256756
43.516903
39.707386
38.32174
2413.875
128.49461
129.48604
33.82542
1305.6592
299.0059
67.33419
38.64246
399.39948
228.52179
577.3439
41.809628
146.28644
21.930313
171.72437
368.34412
28.706808
318.66812
7.2706823
35.807228
2728.4775
796.49255
109.73942
235.26195
479.24576
35.676083
331.2616
76.65896
22.632704
15.05946
76.43066
7.259084
7.7546887
92.877106
35.777378
18.505098
336.2195
84.65227
221.38701
46.307228
533.2421
123.18888
21.203106
41.878048
21.30721
138.72734
234.53903
477.31635
41.810253
14.428334
681.11957
52.43931
26.831722
520.34015
52.2861
60.399178
181.54851
18.12031
104.90345
15.367318
702.37115
541.9156
264.53165
532.9589
862.76166
491.91553
48.444485
88.7487
11.7555
36.204056
318.48248
548.4036
1258.2185
74.95092
149.47015
318.4108
25.207256
26.581013
139.99344
66.76905
25.474897
45.421192
70.0764
420.77914
1530.8606
31.48202
11.925668
978.47
148.20116
132.82156
202.44952
218.88832
455.4111
158.5145
17.473265
25.952589
21.977798
176.42778
27.11901
1522.0394
151.34302
32.231384
50.92275
2934.929
41.276093
3537.6228
10.254015
21.641584
411.60843
91.39882
27.67042
191.38603
432.99713
555.1902
5.2389035
743.20465
5.991577
36.659504
161.16127
678.143
31.846516
28.840755
43.75802
37.285393
254.26215
80.462875
18.461536
21353.22
327.09567
5.6335964
505.4138
60.13852
43.410862
219.202
10.284574
12.161613
240.56969
44.83147
6570.588
62.60162
2165.5073
131.19788
20.81497
1427.3019
275.4892
7.8688407
12.609152
595.2474
2128.9607
54.815395
822.55176
169.31366
21.539312
14.792558
54.527107
33.837326
55.548935
492.88876
3.8149712
67.39805
1399.9044
1029.264
1365.2858
52.773674
85.53739
30.982893
27.318243
21.875492
9.267475
279.17154
72.40823
99.15544
66.43035
399.65762
25.500364
2197.9136
1061.3384
61.427048
72.74621
37.02559
97.78734
182.95792
66.480354
15.145602
27.91977
32.489075
213.10336
56.880966
1320.9473
71.43067
17.963509
932.89984
1200.2244
99.33712
25.848896
49.218056
193.0656
107.43859
200.51155
1314.5887
806.22766
688.81134
87.307526
275.45175
90.23015
115.90771
19.543406
915.10895
35.175724
38.03357
190.33415
76.69954
563.0759
123.3063
27.743687
1103.0103
51.11393
8881.971
1608.2281
19.355358
805.42957
12.428519
17.722935
1061.8827
10.046198
322.83432
21.881481
5.768732
27.545168
17.705687
4.163561
65.602936
90.2006
1500.3828
41.892284
31.908243
24.376871
101.5632
1229.7314
365.6157
4407.272
430.18494
18.580606
71.233086
56.370777
44.05965
84.16365
60.378933
3417.8088
24.061409
10.026177
73.968506
67.05441
138.81276
88.91144
37.015568
912.3919
187.0132
20.805304
15.249114
319.58615
69.748505
6491.1777
40.120068
381.66724
346.73434
5.8503385
129.19833
1491.4935
94.90931
52.301823
989.55743
40.212673
65.097374
784.6786
153.11253
50.988945
21.47404
111.635925
314.4186
22.354038
27.206186
425.64575
987.43774
1975.0667
182.05034
28.439535
59.738876
243.95422
66.40179
2155.5369
351.20297
33.68729
65.582954
469.80423
250.81459
63.855995
910.27997
5.672485
67.48955
74.27664
221.01247
128.34782
45.53359
159.149
54.481274
61.765083
32.136528
894.11597
6.6666083
40.677074
57.128677
22.770485
133.1312
122.41401
118.427284
19.869698
146.57222
28.507128
23.387377
536.9756
102.948875
401.192
33.896206
129.29779
85.82915
30.732254
101.17
646.7039
70.23095
60.5631
191.16704
39.764015
4.201633
45.18327
13281.461
24043.451
1849.6484
670.75806
508.1302
26.057579
766.78076
704.3785
135.26253
66.989
47.86523
13088.164
1417.5222
1630.1062
13.612547
103.82263
43.58931
967.69183
38.208664
980.7397
23.5473
8.814531
38.892204
11.616912
35.69708
454.5431
12.175005
22.272043
10.123738
7.761551
9.34691
87.94023
36.717068
404.98575
13.203167
38.029736
21.067768
82.085594
383.54453
11.80069
2564.3752
82.55663
38.685806
19.320225
58.019524
31.60605
94.20561
1594.8632
109.44448
53.521935
21.852468
26.550781
12.123183
59.7133
97.52224
194.70717
118.04058
122.7929
2397.5764
26.200975
3252.8164
36.662464
299.82913
39.620354
4598.4453
820.2984
135.58443
34.34292
101.62996
14.082904
72.955124
75.399864
573.38464
32.060886
966.087
383.12595
4489.9395
11.68055
16.735445
43.832546
15.704229
12.855528
50.163216
190.44063
32.583145
544.94635
31.535719
13.11723
18.799603
46.209072
29.73187
39.24825
42.41026
29.115852
5.563391
74.19243
715.0922
534.5955
75.897255
31.101196
196.48953
558.5252
30.450377
79.02674
7.904575
15.802175
111.998375
42.496582
31.268507
41.0657
1639.9398
256.82922
92.56267
32.87392
457.55582
134.86922
43.138588
38.556213
22.962715
11.885497
37.00102
32.901997
77.50369
84.81311
771.3832
46.697254
314.61478
27.113548
440.56543
14.538284
13.617985
115.32009
253.97447
43.106697
50.011078
40.495495
27.73074
35.88068
32.487625
75.11593
21.012562
35.40119
66.342354
9.919938
42.449394
844.27893
170.27193
28.721273
17.233004
1752.485
733.38696
32.627403
1117.5011
67.37919
23.780087
26.455751
74.82654
112.74967
3880.3752
706.17773
162.44278
47.8633
49.960773
58.015263
1107.1294
146.09203
20.824926
41.942673
10.285925
123.5201
30.377493
94.21734
58.7362
67.85835
16.262924
42.592712
23.63795
55.665073
343.1716
1390.5311
206.65817
91.85841
11.76847
543.5525
1402.2648
183.26115
48.15728
74.73194
19.693712
2483.7798
1450.6404
369.47787
18430.43
302.9458
233.00575
13.23338
868.8467
221.54985
15.361776
240.72507
49.70027
100003.98
40.943634
12.301334
113.33301
12.312557
29.900568
49.392937
168.81876
22.211946
339.79837
95.13908
8.809217
3836.6233
40.645992
53.6301
97.57574
113.04867
141.46666
550.8286
132.582
139.49367
14.177391
647.53796
51.80585
127.805565
5.4818974
591.7746
36.03339
49.80132
33.309795
32.882618
20.66229
5.490994
42.49079
149.46759
7.1097956
587.7596
592.6599
53.598454
26.665266
346.29337
580.93604
848.72266
45.891064
1199.3468
7.4456544
118.50671
206.33728
34.25714
17.416264
74.350555
99.639595
56.255398
46.021473
18.405104
74.73504
1131.484
132.0745
45.17751
58.564766
377.8439
7.2706823
213.87938
33.116367
1130.9252
20.803549
51.643177
1940.4467
33.731243
65.69958
105.93347
40.04309
8.823741
242.59746
36.373077
46.03107
14.230172
22.832922
26.066294
162.67982
36.524582
819.9715
22.9718
30.36341
581.7391
42.01635
1234.3895
15.868478
31.750021
9.921813
30.187958
4855.792
27.351917
6796.775
11.646991
1132.2336
13.510378
119.4262
101.58805
96.0211
11.839664
37.700165
107.16011
130.01477
372.85312
24.232744
50.18278
5.586929
46.88276
242.69443
14.882879
608.4925
79.61982
13.433469
609.18164
8.106003
42.357166
1150.604
87.51877
24.487442
757.1464
1327.8269
1795.0109
15067.659
68.972694
50.504055
32.915146
85.94215
33.02968
92.49843
41.77811
32.597248
81.9982
13.032052
26.600075
1643.7808
9.201481
76.636
13.357508
96.00197
8.730527
517.68665
2110.7922
184.65526
219.49799
466.22845
95.99721
55.87186
48.86301
388.60022
53.854202
8.765024
276.58774
129.28029
4.9617243
247.56578
132.00266
30.518944
11.565375
67.56312
247.26918
404.4915
25.71857
30.143085
43.415863
50.298386
27.776613
774.6649
90.36914
147.62724
160.8953
4225.6787
31.687563
58.464985
83.17165
36.73388
3610.6348
43.099625
407.9535
40.992424
607.6707
437.23364
11.537603
89.886566
34.08714
94.859085
257.04352
49.453327
28.90556
7.987873
31.098677
149.7878
85.63456
264.66476
5.1980453
39.22202
283.46173
68.65828
1005.62006
115.18572
87.75989
650.5756
49.11602
735.55273
43.27535
59.197067
30.445917
30.117662
127.037636
78.52269
131.24474
6.5814295
30.742617
52.984116
3281.804
18.765753
764.9384
478.71567
28.381382
117.41691
4.8020205
82.480896
20.251219
8.024285
87.26257
25.61164
64.82089
17.037971
997.7215
27.41807
59.817318
1730.8508
994.72736
35.208694
1300.4213
359.87234
19.322008
720.5025
592.36127
32.07188
1061.1812
19.731628
16.745926
82.11762
366.9662
1043.8765
75.647446
3037.9263
233.38069
24.701014
110.951805
375.0446
901.85504
116.94006
726.74963
33.2226
58.176685
470.3754
298.8434
203.93358
43.602272
294.50223
465.443
638.00726
40.37368
1791.3478
658.6287
2633.8782
60.669876
21.53127
353.22998
550.1897
5.4394617
350.131
59.828728
465.26303
34.368973
76.2577
862.2447
40.55612
38.552933
657.754
147.24992
56.571144
266.83994
61.678585
753.69025
5.602799
1989.8977
41.900806
270.28275
196.04247
124.826675
3459.8816
927.56946
114.34445
60.0324
17.600025
23.667955
53.080994
1394.3529
33.354675
254.54187
1103.5148
46.901546
137.8805
17.506546
267.7695
20.407162
103.156494
1385.9813
203.776
15.5421
82.42675
28.38421
18.402826
2062.3254
2640.6877
136.0351
248.2617
7.6420445
6.549131
238.5675
31.741907
71.38906
43.686424
14.470678
119.98181
580.715
85.29147
1200.1254
534.8933
16.817722
13.92509
444.0564
92.83079
45.98211
247.97018
4.2676015
1889.4186
171.5539
13.268247
43.036156
18.295603
39.567333
2211.414
476.88522
156.73424
272.87167
241.91615
639.26495
53.587643
95.23226
17.550898
12.695809
133.69139
27.857306
49.222885
6.630943
479.38336
67.3682
19.073921
599.9245
29.123066
39.287693
266.32867
39.157673
578.67535
331.80276
668.2648
347.20438
13.0196085
110.67661
254.55136
799.9367
996.27386
1022.8512
103.9432
111.94643
343.38815
251.42516
58.061344
8.2829895
30.960886
46.248398
238.21715
42.341988
22.275412
36.938816
32.781494
9.718501
62.832615
16.352896
73.48792
32.944214
448.46072
34.368343
99.431145
53.071453
53.336388
30.506556
170.49944
7.2706823
19.596527
3922.5342
15.887436
118.21312
429.69107
224.55435
3623.9817
69.20149
284.92404
168.97823
63.542744
145.54335
680.2711
10.997774
591.07825
1921.2814
227.36716
560.8655
2138.7542
29.827541
3995.2976
161.15704
858.5142
162.03331
89.80217
10.694196
295.71988
281.18082
464.456
65.307274
420.93268
302.39868
1645.0542
246.21312
35.35933
137.24619
10879.17
19.707335
28.854008
10.764597
19.823435
20.719158
672.25183
91.11749
453.39322
331.37665
568.74756
13.33794
910.0985
5.586929
1149.9244
12.680946
32.34094
71.73233
5.4074507
30.168365
644.543
446.9301
532.979
17.259014
99.647675
249.45012
23.28854
57.880833
51.982544
96.63265
27.08505
39.096924
29.530197
61.615856
991.8098
79.17173
102.92213
1052.7944
25.468283
287.33926
16.024616
422.86154
24.493328
6.2207336
25.766376
110.90616
31.80384
27.126429
517.01886
940.04004
1921.2328
57.401028
107.10176
10.892036
30.517008
77.737236
35.82556
2794.1272
571.9396
406.40164
63.303772
328.8193
33.59942
47.2869
78.302345
137.71379
32.296577
41.737988
293.86215
740.4654
71.07447
726.3558
22.957487
5005.208
857.52905
10.821891
13.044742
564.91656
938.38165
22.700882
49.82095
113.00108
49.240192
26.665121
106.824814
624.56006
442.52982
184.51152
108.57688
322.61316
1139.9462
9.739149
15.580599
48.695644
25.397938
9453.438
57.13775
347.23883
1576.7643
17.358444
461.19943
1997.846
711.1318
25.95402
561.3238
3336.1785
157.0435
97.829315
608.3338
107.0206
66.65739
27.345312
1148.6584
18.269289
36.950012
198.13092
127.84007
88.67261
70.99855
408.47812
52.36562
448.17407
148.84938
39.047905
684.0117
1690.7687
59.725433
25.418251
24.126762
75.18262
1412.5529
138.54277
58.51937
50.81722
152.81743
68.27575
26.50604
25.146376
1621.8815
64.85679
25.414694
3896.6995
770.4205
42.01674
19.16462
42.902924
26.284748
986.9195
51.239834
41.17579
256.52728
274.53333
87.486435
1118.2747
82.0888
999.05115
80.33905
443.74628
525.0793
62.435337
252.38153
25.160282
166.28818
13.347799
49.26858
186.71347
15.232413
36.74178
20.3927
50.591293
72.145584
47.170788
55.693962
599.3604
78.806145
56.238445
672.9224
52.297447
126.274124
2816.298
636.433
20.970207
909.26526
174.08945
1713.4534
17.950096
2868.4902
166.70673
155.2272
1217.1091
884.21423
203.17996
186.39313
483.42853
9.611479
383.7798
269.1144
1246.7815
95.237755
83.0829
228.0549
79.018936
23.07547
116.912964
11.415448
249.25061
597.8564
19.672962
8.187979
31.84294
40.185387
67.98645
32.25313
31.922047
1809.6311
119.14857
22.250324
32.231384
20.238356
8.43029
16.11301
36.182438
50.151867
115.58919
117.65027
1626.0957
24.815973
777.4351
181.74104
1862.5863
31.524923
46.214413
38.599636
395.81503
86.982735
33.47802
7.8223057
1040.333
411.47244
1099.6
145.81052
21.565376
19.982204
44.017315
419.00656
82.71493
18.933643
31.188765
23.860958
23.835663
645.0316
265.14096
25.247932
26.585386
19.272017
31.66481
1288.2153
87.28687
145.78041
108.53097
526.30786
5.6724854
86.382
70.74034
30.47366
333.88043
70.061
8.915162
8.301745
74.423874
24.396063
81.40906
49.102123
19.766607
46.523354
63.039238
355.2634
87.9152
2461.6228
337.24814
36.41807
26.025904
477.38348
66.27494
94.88849
1465.9286
1531.2467
150.4607
1674.2594
50.31441
18.348522
50.72596
1188.9199
1028.3446
329.08313
19.064943
2129.6694
262.149
107.76522
151.46568
125.00448
261.3927
468.69687
263.41367
140.1562
54.4017
23.113968
39.751328
2268.0786
86.89497
14.178426
8.898807
572.1212
19.289017
19.582346
92.59132
981.14294
625.9894
1250.5636
52.370106
173.40486
724.44324
725.66095
1022.6215
14.737656
38.889996
446.844
766.14667
31.71865
180.15164
582.5661
246.4196
138.31154
173.3041
51.030518
423.8212
62.02078
59.27647
11.288497
1970.9573
320.9649
80.31737
22.345364
172.89784
237.08214
28.230988
188.91096
132.59964
574.1669
1084.5265
39.678463
22.372322
48.796955
2483.3489
512.7926
4059.1008
632.7869
159.84741
72.10221
11.345399
108.43211
200.59235
78.62377
42.158054
605.3911
48.60661
38.16865
101.19257
43.045055
115.84588
144.70119
16.66454
74.458336
43.43481
914.2602
484.90582
14.982426
6.192274
19.539356
147.65039
62.86025
12.960977
57.084915
35.979057
61.434696
7033.8535
396.23672
48.43213
35.478462
16.466759
72.64526
47.257294
682.0943
427.17438
63.24325
2085.4575
241.34167
216.21228
5336.712
24.12521
81.12939
1382.3864
658.0367
24.98978
605.5043
19.437582
464.0057
20.831423
4202.309
36.358383
340.87402
6.6940618
392.56085
8.103552
90.17282
3621.4597
119.887215
32.875103
280.6919
500.9262
9.023069
551.2814
10.089728
29.397346
46.060165
411.37375
311.8952
7.8284855
1231.9147
519.5413
813.4244
436.6417
899.89624
36.425053
642.827
9.545805
522.79034
18.524162
36.013138
243.29948
221.70099
73.8441
16.236046
57.0376
13.21273
599.75714
15.268788
142.6944
138.53828
40.22461
7.202415
2454.288
330.28104
32.7237
15.373724
74.38591
54.767426
19.387398
1161.7386
36.804066
33.24316
51.229954
75.37215
28.464918
25.12617
487.88797
163.26889
2775.522
134.60303
5.3630724
967.4376
6.6486278
94.73026
13.31534
831.5222
246.40137
110.83558
12.250787
97.965065
117.50512
16.358105
199.70764
51.67313
360.68613
314.32193
59.96662
36.276306
12.448964
24.995865
46.87089
18.65164
397.28616
75.60998
801.9051
14.1690445
361.34338
371.4666
746.9012
33.889652
525.4548
30.348053
40.826965
32.843735
29.692667
22.716444
617.7012
765.8731
1387.7119
63.65641
1145.527
25.16081
58.596382
834.8563
14.544646
22.431078
31.980528
372.05798
38.931595
478.96387
10.935337
18.119688
91.655624
279.08035
1602.0835
474.01193
29.268072
8.536009
58.29723
42.94226
32.160774
72.12381
79.93915
44.916527
254.67859
3.9673276
13.960919
9.542142
22.041367
13.129453
494.97855
404.97842
24.75415
29.682434
29.929195
19.18876
336.7543
6194.6924
366.19373
15.880449
2118.0645
320.9571
37.1761
40.217945
141.68227
148.00835
48.64119
388.60654
51.81534
16374.581
103.11454
85.03948
5.809044
43.035797
56.745514
403.16245
36.589794
9.226898
8.68048
556.95874
831.20905
389.00812
112.82099
28.143421
89.47053
62.4672
85.51496
167.87585
84.902824
27.666529
1008.2719
23.719929
1378.1444
418.86215
504.20908
52.003693
19.656933
375.67908
17.587269
831.4564
74.58847
45.78203
878.01794
69.61038
523.1295
2640.6865
131.61775
16.975706
14.2408
425.67844
15.498436
242.30821
2814.4592
49.81058
43.004505
28.571083
40.813786
62.76991
141.76248
443.04288
640.47504
103.52414
44.25183
153.84293
369.67453
39.873344
16.316042
1161.866
93.203896
278.3616
193.02206
149.89062
89.90624
52.525482
9.874023
362.4827
30.333736
290.86014
465.92554
1279.0964
1086.148
691.20135
15.938959
16.775694
287.22488
477.85837
54.21924
737.38055
417.2025
38.34052
13.47807
11.269974
68.26771
14.616174
39.022675
6.916541
346.3196
50.246765
185.0932
17.962416
549.2867
945.02014
469.6882
1105.5563
473.7584
61.24142
17.533876
40.476105
81.142075
438.19122
86.304146
14.265296
19.964027
1187.1881
91.07066
6.6177588
43.708717
46.35667
90.94391
41.846264
15.87658
14.182827
345.69498
79.53675
950.37604
26.177786
1515.2377
2312.732
38.87839
601.0853
227.57281
70.06688
65.375885
32.773743
40.30768
216.6729
511.48782
3450.7407
212.21628
15.015709
23.019905
37.879124
10.702896
21.858038
28.264404
1392.5364
37.552235
8.31719
68.54536
79.84893
8.552868
499.43723
51.25249
20.813486
543.25214
34.383865
57.341854
96.873795
82.17093
807.29517
8.184532
311.73044
18.37705
15.831872
42.81027
31.126389
21.81375
19.964579
102.45167
466.05753
15.753576
17.639914
18.260479
57.534588
23.76611
38.676235
136.2588
54.06203
79.13708
520.81995
556.7365
563.35016
789.1761
45.220192
307.15326
68.63706
8133.674
1469.3977
14563.159
49.92586
8.301948
30.712355
45.537342
331.94943
23.454735
995.6764
121.187386
19.159456
29.198252
31.499342
17.676659
7.2821703
25.496998
42.511074
37.79157
44.068077
38.479534
33.48976
32.54228
218.8754
69.61373
66.88861
28.154757
23.389183
268.0375
781.06683
75.631905
212.10469
420.42896
220.54
33.2267
112.221306
32.09406
95.21169
116.360466
311.52762
847.2928
758.7294
40.062756
158.21349
781.40546
46.283146
179.46385
1799.0142
949.5095
43.494064
1227.4391
38.811607
10.062012
3812.1216
29.629375
870.1307
894.7203
44.982216
126.79338
4.909115
296.58835
1838.8143
142.8988
22.707693
472.13715
66.68781
22445.46
149.30205
571.67566
60.65469
1463.0884
326.7328
283.56326
1165.0588
18.200247
74.32847
8.585342
17.272966
55.81514
61.65997
216.76654
11.850464
2754.4126
9.9875765
1959.1788
58.441654
6.7515516
78.45267
67.69292
638.21844
3334.8552
23.952686
12.557289
151.76585
228.36504
54.334488
225.51999
13.841172
26.642282
6.2417426
204.8583
50.430103
242.2724
34.75267
273.92844
11.914247
406.1366
484.1672
59.01683
52.049774
19.724812
125.94892
190.03516
14.3354025
273.19806
386.15314
2328.1284
16.947157
25.913187
1266.7023
257.85324
531.9958
30.742794
173.19067
775.72284
648.4458
56.90894
117.41068
14.461356
141.05334
59.175423
28.44436
1442.7294
133.46768
124.79222
53.536953
68.42287
124.19177
1620.5952
36.974396
318.10046
35.468422
139.6909
520.7407
17.878012
749.0222
43.41043
9595.653
29.203743
28.706427
30.161812
16.807486
88.07649
37.546013
36.66369
8.926077
65.36556
28.84164
277.86075
86.76323
18.781813
61.203068
594.2706
79.478226
152.9485
20.010319
32.279938
307.98294
226.5734
78.97332
19.950424
4.267602
29.113
109.722725
24.77126
276.776
38.963936
28.062395
45.808212
29.547234
252.79536
9.705159
15.912187
3696.8862
8.266313
15.912187
24.552092
31.226788
2256.035
649.632
857.73267
8.471536
964.4534
26.90883
125.79599
11.9096365
37.699364
11.631497
79.445114
100.61899
51.13767
310.7053
41.957146
21.479912
2369.1885
13.611959
238.08292
93.688065
24.056261
40.447056
52.133007
38.90461
17.445337
36.661713
31.16712
21.74403
823.553
53.019863
454.70135
586.0675
83.40434
78.17852
429.30972
186.47403
8.984024
23.15548
26.741291
31.01655
54.976357
632.5287
47.09296
44.398563
90.35019
951.15125
115.623146
59.076267
253.51714
143.8133
15.035702
326.5946
103.79575
70.08766
76.74692
558.11945
81.14308
39.049095
15.406388
72.17521
48.803123
260.82706
151.57614
28.263468
507.71988
60.292656
35.54312
135.0845
19.534885
13.163711
195.65556
4237.9634
244.68436
827.1059
50.95674
87.466156
19.235023
930.3442
372.57852
18.20483
51.61968
101.3701
26.91963
180.6318
32.579113
120.40822
912.82623
49.56259
26.228619
688.2066
41.505848
22.188625
72.197754
93.933876
77.37449
44.83082
7.9779496
6.0334425
82.80842
9.671207
585.43933
61.1293
64.41234
213.13364
40.537254
146.18639
1209.2255
43.963898
357.90536
2083.852
1693.8933
1479.6785
19.761688
514.1076
107.23187
30.498459
17.558958
75.48364
58.080894
1497.6282
40.039818
17.639914
432.2679
31.724316
36.004242
254.15935
82.10783
18.79052
381.6414
131.71274
192.22728
12.880197
560.84973
74.370766
282.89716
22.584692
71.38164
1106.7192
57.972015
30.688498
340.79486
610.68036
231.81265
73.664185
178.30516
20.629368
50.56095
26.158146
74.003716
271.21115
23.982908
32.96216
963.5401
1156.6743
307.7733
5011.594
77.956955
610.8056
104.688324
121.20645
495.6834
44.458305
64.97361
544.5126
21.697643
11.271208
9.869672
48.779842
54.13818
52.11225
278.94052
319.56284
40.46502
36.017284
43.148094
30.086779
442.46567
691.3599
358.95938
185.11996
1181.8257
79.00978
14.559554
499.93948
15.216783
11.188017
19.893217
38.78933
30.971983
169.16194
6.445474
684.05286
19.985477
72.664185
4.3701797
121.86752
12.509982
40.377193
8.416641
7.679927
204.27373
333.09564
3231.5466
334.2087
21.390043
192.33594
15.173375
13.262781
392.52362
20.343876
15.043007
395.67746
62.361755
9.792497
5668.41
46.306896
23.045956
73.07775
34.788277
59.41315
753.5012
5.586929
8.677213
29.028393
118.75023
128.63751
639.9616
256.19
11.611709
34.598583
42.57928
61.69588
18.381752
1156.5668
40.2782
272.5474
735.3136
2303.6145
79.0359
5.3630724
44.877922
46.444733
136.15742
126.27251
475.9411
8.95299
79.695786
31.73679
75.37305
15.919685
59.822796
17.155426
58.36126
15.440962
58.165176
10.363028
989.9161
17.478819
17.201063
40.413445
68.79444
39.78504
6.070729
13.52951
474.08676
35.12062
44.838535
28.296701
16.352982
17.459574
37.881447
923.34937
36.744347
22.786507
278.8162
168.07962
804.25134
81.67922
61.59391
28.92946
118.40763
8.998575
143.03441
1091.7715
19.01598
1547.3113
45.655838
109.46034
41.43882
5966.378
26.739584
20.282356
744.0933
2513.1335
29.174118
118.8289
12.658499
39.569435
235.21596
46.85436
24.964102
22.829464
3428.3435
10.263165
70.47245
21.622395
265.49066
25.16833
41.093555
1359.1533
140.9588
20.527653
37.55287
272.46228
13.644406
22.087217
616.49945
36.390316
156.28893
41.143787
32.14837
147.02597
116.60876
358.54318
698.45355
163.14531
544.38666
81.00843
31.864574
6.5388317
4.2676015
551.44806
63.924393
48.13429
15.2266035
94.070145
40.679935
13.299052
43.892113
1022.37146
10.780626
221.73555
642.34045
280.85803
39.264393
11.083312
14.186841
506.329
38.593773
18.16018
24.151285
343.5103
487.07208
162.42311
14.222361
87.40424
215.87212
20.051945
70.57367
23.957466
26.895348
16.990469
899.4282
2558.1404
1537.6967
167.20534
58.529
23.442068
11.362401
27.67461
710.55865
47.161476
9.4919195
18.518524
1273.7592
144.33356
207.05154
278.54578
162.49763
90.50632
17.699175
4809.2627
35.054317
86.27189
1790.7944
28.927387
35.075737
45.687405
1653.0999
27.422392
196.04247
1123.6754
22.554184
124.39192
208.67535
23.758823
1394.8417
88.138756
206.76956
44.395336
49.498703
48.094334
898.6004
398.746
24.670362
23.140774
1303.9425
975.30664
49.899467
9.880272
351.1211
187.20012
19.009346
22.474428
283.71243
481.39206
41.704426
92.69
699.204
37.46743
71.50666
2694.127
256.93103
917.0148
112.30341
194.72575
74.755356
62.2912
313.92828
74.68495
55.449326
27.61573
160.67235
2817.6348
10.277493
3692.281
26.06993
227.88489
57.720898
384.3156
8.795654
19.705393
35.395977
610.7348
247.80067
37.626583
2213.5093
139.90034
66.125946
38.418297
66.41791
297.57883
259.53888
1238.7689
439.728
554.2128
668.39606
2878.689
95.460175
536.3714
828.6751
13.783339
113.8537
18.668541
141.42699
15450.317
579.0444
43.56095
11.834424
1012.9763
15.515805
30.537111
50.645912
93.64538
538.99164
44.918205
33.731888
20.133438
710.35
335.26233
9.234572
51.77955
568.18945
1175.7462
1324.4559
15.549015
17.822742
507.55362
401.89603
897.3377
82.119026
894.45795
62.12719
99.72492
30.845947
24.785452
32.600365
398.23944
519.051
82.59822
1104.887
57.68221
253.2623
28.571892
75.56672
737.054
39.43963
14.465576
1534.9355
54.51072
43.439533
104.1795
18.850397
215.96861
600.1148
636.36597
67.449104
288.30905
429.50894
979.9236
45.68933
60.83343
243.05066
38.912235
8.460542
53.370743
57.08952
176.71506
35.306183
40.507652
36.76127
203.6942
46.950794
64.226105
3.362334
57.77021
57.672035
6333.2915
57.934296
1305.6522
19.780993
180.60114
41.855335
972.6524
20.169819
6.142633
7.515758
10.945863
91.77576
309.3619
6526.634
5.658025
112.95196
21.300974
116.37401
25.880497
36.769146
44.504894
40.083862
87.56715
53.516014
18.056093
471.59845
76.07962
81.65441
76.85466
286.46548
122.31225
333.47104
5536.9434
530.4757
15.1243925
234.72487
1740.009
336.2269
51.124783
135.89317
193.89334
113.88362
27.726759
20.362291
167.97137
37.342556
174.509
25.577744
11.257366
36.399452
47.285706
413.43463
91.85448
493.63626
309.02652
53.603153
32.231384
39.640663
107.98888
213.15681
14.45454
1196.9113
1569.3907
124.60908
282.66428
21.793657
97.17887
137.06018
694.2144
27.744486
18.098726
70.353226
83.80339
35.35519
38.701664
432.3953
27.520105
568.37695
27.919416
801.0253
9.140025
13.59128
19.160627
75.82028
1346.5292
15.739779
134.79153
526.2263
23.881594
104.76448
67.55184
25.637032
434.2808
49.06104
131.06454
55.584812
14.54946
39.84916
32.40771
57.951145
58.289032
652.0773
605.629
33.58722
95.89143
235.71515
49.304695
119.06088
30.872412
245.77196
21.148212
3428.01
4222.7783
4977.941
241.19695
21.626373
224.04282
890.2892
30.497856
62.248325
230.43396
94.571075
17.228836
25236.23
234.35849
57.30069
18.61846
19.71186
36.508266
36.34241
14.3343725
2910.3147
839.3521
42.383247
36.220676
31.211111
215.85678
1405.7749
132.90475
272.6971
6.5077963
14.316187
281.76428
59.60938
21.950825
5.054106
1606.545
51.87389
442.8587
115.67747
8.639945
446.27567
42.20531
425.0979
85.8411
187.20288
24.478096
61.67441
226.89331
230.81049
29.105858
2865.7056
24.359167
101.395294
38.13713
53.47756
522.8836
24.496422
51.133293
11.278043
18.81868
118.67262
945.87585
669.9261
29.81308
102.15785
110.052574
119.458664
30.850557
17.036692
4.163561
57.54474
9.274567
21.439144
17.318304
13.011308
50.253723
338.35263
26.483652
283.1629
439.16077
168.1694
1871.9335
267.11578
773.23047
12.012461
368.47165
729.93787
539.65155
24.870401
110.33422
37.546513
159.23265
46.028183
51.249146
49.348816
28.597973
386.06937
16.027466
2661.6628
11.239221
16.53391
95.45407
38.946503
54.142624
304.6158
26.626719
365.42084
33.885788
16.32426
417.02588
34.839058
86.86614
17.512928
53.26635
93.89008
553.4918
54.641724
57.329414
9.471188
51.23448
8.913377
27.702726
1121.006
1259.2245
32.000435
348.43634
66.87579
54.522438
46.38314
72.145035
368.86508
860.5331
457.17108
8.546961
98.028244
1240.4642
77.92373
89.84213
123.19047
199.23387
6.8110137
14.105858
10.914125
3064.803
11.639352
106.08401
96.67187
44.8849
4.8020205
804.0297
570.12805
315.30054
699.28564
37.826653
16.893728
27.600065
25.33466
838.7175
573.8496
35.692425
91.73196
30.11094
746.2846
44.660755
475.3188
24.638023
130.36292
59.835945
659.89496
20.236547
154.58879
61.151924
182.3213
288.58453
635.77124
29.121304
9.161728
69.93653
91.93019
67.05818
442.302
304.52707
394.9608
2166.9658
2135.5789
762.68756
65.31356
44.950024
34.87242
57.971317
35.078983
82.827805
105.27959
30.683737
27.062605
866.24005
32.231384
3120.2893
63.103115
26.47112
302.97427
39.035507
91.25254
64.77757
322.6644
17.890518
45.3345
724.9851
48.457443
931.7298
21.431585
22.696213
14.368175
958.01953
27.298859
16.003483
710.5688
121.11933
139.01936
13.886662
16.118637
11.567201
1176.9438
14.068893
103.83154
64.067055
107.679184
49.03605
16.53136
104.48674
17.891317
17.78738
577.8258
40.290318
103.19776
52.68542
23.014904
64.29913
248.19542
23.579939
66.16118
16.389198
31.184996
130.58017
38.37453
22.83946
208.71388
51.957787
50.91135
354.8014
409.90677
11.114128
36.60798
14.89405
128.71733
14.276035
1912.1152
22.515747
25.44568
16.098335
93.45222
45.07564
60.516945
958.85535
131.09688
288.34354
67.01024
7.532764
52.518234
299.93164
14.34809
70.180664
68.76847
30.777403
41.9915
4.8798857
10.598612
97.55764
32398.025
31.145958
27.402315
5.6363997
92.65257
50.096203
440.63177
34.218636
447.44507
144.13087
13.357718
32.013157
1060.6322
418.77707
7.128061
42.492504
9.111226
12.908434
1375.4298
718.8107
9.6037
2728.9395
10853.988
14.833498
122.577965
82.979675
678.014
78.121254
89.12605
8.819398
16.389198
27.30127
15.636296
134.52654
630.8125
562.62885
76.968056
24.515709
33.374153
212.59204
13.449652
413.19638
107.83935
25.870518
14.103885
320.39838
271.60886
43.310276
946.6185
61.495216
39.19052
204.81552
35.40717
183.61786
284.72467
55.476013
27.697668
40.61875
99.25814
22.561928
157.08806
111.814766
30.040577
91.024
103.69053
265.93463
365.26874
7.371424
105.41833
2541.583
108.66639
415.30066
14.544871
403.69205
33.437424
28.041977
23.082354
105.026474
14.9757805
254.79799
22.08118
11.070395
999.98193
55.380863
34.985935
22.520739
50.597965
1015.8829
2588.7
661.15015
7.8928275
477.32684
33.637417
54.293022
56.481956
24.370989
596.66223
261.04044
780.42914
27.337502
77.73535
772.2319
18.938387
18.236347
20.55006
13.210929
696.5451
77.39541
190.66142
15.758937
54.943573
116.97151
5.9747424
33.505135
44.277905
1765.0823
424.686
3001.8406
351.86597
297.51288
6.6666083
50.20276
24.734741
190.0193
17.33698
29.081776
2141.6443
199.82738
458.80835
27.774216
1436.5654
255.8205
115.571884
76.59578
454.28372
343.18732
917.0117
13.874806
1761.4342
9.601554
15.63274
29.266712
7.532764
1160.225
425.0519
18.435762
15.897152
39.782005
489.6579
10.376331
116.07258
242.12007
14.236277
37.64135
372.6272
211.52888
75.57267
36.407726
76.8522
16.188463
71.73083
301.5107
11.604649
633.48254
35.789066
228.3914
43.530216
15.565031
2279.962
16.349262
36.680756
45.840836
535.9654
4.2676015
673.305
74.82415
44.39233
46.603493
1435.8395
97.26788
43.438007
244.67723
200.80539
622.7861
107.9618
1931.6616
93.31681
399.33395
119.7107
1095.8695
157.71027
28.644499
71.30451
274.94458
777.10486
33.126595
348.49832
6.9471664
7.7395887
852.6224
31.92195
39.586582
43.244686
469.44952
201.42691
183.77089
23.209192
37.704174
1062.651
418.5455
570.8576
38.352642
359.80527
44.188984
11.855508
15.607152
39.627934
1922.8872
21.084183
60.1022
13.41627
45.553154
83.66237
7878.4062
37.228546
9.223102
88.37784
7.6327324
447.8831
28.916939
30.432377
29.099134
267.97412
16.421013
105.34647
102.46291
31.657139
9.783349
109.86451
88.125854
19.667423
696.76404
41.612297
4.8020205
51.49408
649.20715
860.9887
152.58043
146.20407
1355.6827
3427.2322
161.36574
109.10563
1036.7229
31.722683
82.640686
345.0647
66.12163
382.71494
35.181812
56.881454
4542.0986
42.771774
76.83611
21.47445
87.4755
90.708954
48.988934
70.64343
946.64154
43.106583
7.0415235
49.466534
2749.7278
732.39825
49.202194
436.42856
263.3554
52.345547
1213.4427
403.8659
40.770145
36.904118
2593.2883
187.56387
58.74914
104.61478
74.38385
85.09644
456.922
13.647777
19.97333
41.812447
61.32573
69.69338
31.306028
338.601
199.5053
54.527927
63.37493
500.83353
12.050594
813.1773
40.523514
414.15283
1192.4912
19.850237
48.055744
3.9486175
25.357231
442.40048
67.30697
65.317955
37.7961
30.690218
45.75621
107.39454
15.831944
9288.158
15.767931
123.81288
56.50442
154.0813
25.976501
6.084154
712.6047
19.774664
132.49756
67.533264
9.667716
513.1808
124.94876
749.78125
34.527576
33.8305
59.034027
9.665716
27.03238
37.052776
447.55154
10567.92
27.02053
30.36803
182.6475
63.46468
48.11107
15.086405
65.362045
85.91387
146.67178
100.176254
34.646923
247.899
21.435705
272.6849
380.74744
27.453987
841.4876
477.42813
4764.089
842.6641
21.773373
8.718728
193.66603
351.77637
10.879987
98.96419
5.9957695
183.19135
10.281759
104.75494
671.99
23.612968
130.8032
1028.6605
42.626217
270.51355
948.76996
614.72797
564.1437
1158.4146
196.04247
1823.8678
420.2572
2582.2175
45.19266
35.747322
23.210203
254.11694
35.58294
180.25133
374.2282
473.5777
20.441029
215.1972
412.62164
65.11265
17.938543
15.476731
196.04247
65.28766
323.47287
75.12474
57.598656
32.383453
47.420532
7.497587
39.88424
98.053955
54.821198
122.97707
140.33203
21.221601
42.668983
797.77576
27.141476
20.723728
1102.4508
145.7877
149.6757
338.5471
509.68738
91.96711
46.900806
345.8295
499.11105
43.95501
112.191185
999.87897
423.8721
17.175442
15.462129
44.011604
13.101704
68.69338
26.377811
31.165537
23.799444
32.231487
1386.8143
44.534615
34.07094
67.27864
104.77062
11.485048
120.02736
220.61497
71.64031
747.2582
487.06003
43.986557
425.77628
12.66278
259.20175
19.632599
65.60438
17.973825
28.825878
33.085075
17.787996
916.5217
4522.251
21.289808
121.23923
1206.1539
823.84045
51.429394
894.12836
22.557161
36.85594
63.349762
38.26143
8.94147
144.7506
101.85512
101.82787
22.47596
77.23379
894.1693
536.8688
243.07233
17.842806
1058.4214
39.047066
1009.1329
548.2274
74.02221
11.998933
75.83988
50.472923
36.888767
57.124943
31.698177
105.403
54.005306
125.19113
10.942683
353.97522
969.6105
206.99664
1361.062
118.64953
10.582311
286.09744
30.104784
25.817509
90.92327
4.8020205
16.168907
39.953117
81.344215
312.47083
21.076605
25.70546
24.124123
328.4783
36.396797
83.76711
2385.7935
30.171242
1126.2781
20.919706
124.277725
28.686453
291.3757
85.07221
415.9963
921.7002
27.626091
353.93237
198.65984
1261.0939
84.65041
86.04893
26.8885
1773.004
12.490655
12958.427
552.178
2304.9045
40.836697
35.748283
1089.4313
326.43658
75.888466
15.583344
683.85126
47.941944
20.7509
439.13208
183.97247
82.27832
14.558871
565.52484
9.696946
73.420845
699.1723
16.262844
35.479282
86.88155
231.53427
45.35944
19.730305
133.21628
24.105453
121.40885
18.364134
112.656815
15.876093
279.82846
258.23123
27.123966
50.999863
22.100122
360.9611
632.5417
45.626446
53.196335
26.012934
298.54132
14.611657
11.960004
17.987307
376.8478
336.8282
102.4998
240.22522
17.98891
461.7691
2382.978
15.794367
1957.9695
24.798254
45.929066
72.8176
645.3885
20.837418
85.08682
93.72167
130.75769
447.45404
119.74101
57.195923
251.76276
23.934275
57.762966
626.679
140.19504
43.01242
35.68002
264.67764
89.53002
2155.7424
1781.07
466.97647
34.403732
59.705013
42.672363
590.06506
21.737982
44.912113
341.85962
77.34402
1200.7224
136.33926
22.06105
38.071552
49.228123
89.17328
1409.0385
154.2489
1547.8463
10.765896
77.40463
1300.7742
758.5156
27.233572
369.81134
53.987503
1058.0667
191.18016
43.355736
275.99567
213.0931
525.3285
487.2584
5.2827787
13.204023
18.52975
1225.8733
29.952852
553.24274
257.02905
545.297
706.275
386.7131
134.82831
631.7914
160.97963
20.232368
715.98517
217.96294
26.398962
693.5302
112.180214
64.64357
1299.6748
669.78424
1151.3295
946.3495
48.156822
1326.6876
132.37991
319.78857
15.974025
131.68675
222.16882
26.433035
141.90195
365.26874
21.486792
572.04156
290.50015
262.432
134.71199
973.1479
22.169018
4.013856
13.515913
842.18774
3.9673276
6.750785
33.728275
28.498009
46.177464
253.86212
71.01938
26.452497
78.61001
31.364729
80.90424
946.2918
45.74799
811.5837
17.04592
581.2511
12.368928
45.73067
1066.0586
64.95118
35.53581
997.4679
6.731156
246.07672
50.969597
3809.3196
302.26532
6.7184496
328.54736
1073.5415
34.837967
3277.3752
5.999467
1675.8673
13.3183975
11993.411
270.00195
198.60898
54.03767
6.5174246
8248.487
1219.5619
44.876995
134.963
44.236588
309.7145
20.097801
1618.2623
782.6357
33.906334
434.17294
48.30285
266.05716
357.04895
96.7707
222.38771
1749.2681
57.958996
47.174095
467.49133
132.62329
10974.173
31.134449
18.177021
4622856.0
173.15352
239.09398
69.5363
101.68672
177.73904
76.60619
85.550934
43.27923
134.97812
48.6698
50.924957
893.15936
18430.43
92.56612
7.010474
127.96039
45.268032
224.79915
16.99316
17.518486
11.907079
92.66539
65.369774
176.59999
14.188999
142.69379
15.784822
65.18913
38.625347
36.051144
1902.9485
16.804775
177.86316
467.82782
127.33953
873.3359
64051.266
483.03635
73.704865
7.321062
28.036636
1197.9076
75.886505
12.400511
27.484991
248.04883
1234.5974
2051.7397
6.6666083
123.65711
209.53966
397.56815
47.68011
25.87267
117.85701
33.27672
20.417618
1611.9517
5028.945
10.746703
137.75195
284.48907
6797.838
43.30203
16.950361
42.801693
25.209736
176.66501
771.51154
159.40427
981.76624
48.454617
80.32736
74.94441
89.358055
17.473131
23.687658
98.55416
1483.7709
411.62
1855.1433
38.29179
97.46767
62.391914
378.26846
95.15936
262.35233
295.16974
703.5091
37.997833
10.598612
15.498551
306.03357
63.849236
113.23388
802.6611
18.477116
42.12122
837.0846
62.232086
6117.0537
2846.7974
6.445474
254.30556
22.211294
107.61574
189.79019
5.4818974
15067.659
212.4694
2124.5107
432.84564
5.818379
4373.2915
3129.877
82.53361
505.24466
14.076341
98.098015
9.919015
432.68777
512.31506
10.754563
111.97446
12.350448
48.656593
215.89384
171.82497
14.93927
2691.432
781.4878
137.9035
90.065
39.022915
3325.9653
125.85497
58.28417
1327.3755
25.836689
25.026932
31.491953
64.66317
391.09958
66.84126
318.60428
14.037552
86.286415
161.43163
24.094524
60.425335
30.981577
1889.6682
35.866447
13.688309
136.01357
60.770576
230.26546
66.21843
409.51642
188.28235
280.15674
9843.436
41.952747
362.91385
1721.498
328.38354
712.29755
386.2754
27.68739
1579.1382
32.43222
32.243305
142.9686
1178.401
75.29588
286.55032
198.80862
59.056015
8.542222
47.40684
649.7739
468.95395
15.989269
26.544743
14.889676
1681.2003
29.217888
48.409016
1139.5809
1102.8252
536.255
26.34411
39.22281
285.35178
47.468765
44.57459
1397.5167
55.46691
649.7696
16.00799
146.30556
23.646862
270.74377
18.8759
61.474403
5.249696
150.8026
2283.7888
26.155993
27.450539
214.36906
1337.3232
16.969366
39.73625
1217.1091
85.23451
21.653072
119.5243
9.084123
27.236658
35.18452
20852.527
46.96199
34.433956
9.060133
531.2726
34.139633
13.813052
131.41505
206.055
116.05692
557.50055
573.819
92.08524
179.78934
1116.6573
9.374455
18.59157
288.22876
248.73247
1151.5756
895.9033
158.72226
28.48729
378.34167
1576.4327
3186.7087
443.3916
8.803409
1261.3651
56.2899
32.64841
43.55879
1878.2512
69.66504
77.04263
37.415688
109.541954
52.65317
293.10672
39.59614
17.19001
51.587666
2588.496
13.321246
30.005695
68.85273
67.98788
586.49976
114.14561
67.38571
33.63156
137.39476
60.00464
17.60173
35.651016
74.94538
51.714542
77.50107
331.32135
40.097633
84.7193
14.103885
59.382473
512.1028
26.911581
136.45744
52.882683
67.24044
14.246473
15.650894
158.2965
272.3734
147.78578
27.512333
2150.9207
103.935715
296.59045
630.4811
49.762066
29.594555
764.20044
48.3803
1693.6188
187.85162
42.710125
16.940649
425.8313
43.550877
59.83192
284.5268
233.75058
514.6573
963.4831
9.786778
43.552414
604.08167
16.76426
62.08135
30.975534
11.861336
185.2206
347.43243
13.685587
163.95035
764.45966
20.684425
65.88634
369.65283
594.6706
413.30063
32.33156
34.431034
124.43202
37.97352
651.6536
797.77576
131.67857
467.78992
73.92725
49.3945
50.95391
20.108688
163710.77
1313.9865
897.3142
1694.0541
3129.2651
1198.711
33.730446
280.0396
229.53897
32720.926
66.66222
37.103767
70.117584
20.090199
58.33978
47.548687
1368.7223
88.04428
18.94981
586.7811
123.606995
811.6739
243.33743
1450.2101
907.8334
153.36552
942.8322
65.14899
106.63733
7152.8696
11.178682
30.94829
5.475169
18.351728
6.494873
29.696024
76.24312
19.766546
71.23509
544.49493
1103.146
3480.9673
56.05513
11.519956
36.420414
820.6897
67.83286
1025.7144
462.63928
104.066696
58.5467
648.9302
23.16341
1003.61865
607.9962
8.460471
24.987827
25.400724
116.659424
133.84563
107.29709
84.53819
42.941933
1104.11
36.371372
21.72682
49.41243
90.612206
31.643602
31.45436
27.851562
1485.722
445.90048
132.68243
244.44272
51.817623
24.66099
5.07531
180.89003
27.324549
5.6665697
13.262781
1035.7367
52.771183
118.130394
12.513708
13.519494
602.2519
183.1111
19.546234
166.31966
25.634617
58.080555
53.36906
42.517094
100.16341
30.247862
188.95042
13.556316
10.251239
10.598612
591.4403
32.0203
230.15843
27.86062
66.096535
14.361452
812.4127
357.25195
19.990677
14.017593
13.164988
1494.0162
260.8135
40.41507
17.839327
57.260838
300.41028
72.69492
60.310192
13.220937
48.803947
4.2676015
657.7986
33.49513
1647.5906
19.666355
6001.2915
32.056126
81.99284
496.81516
48.24424
43.457546
2303.3003
365.67743
59.594086
56.895184
124.622154
205.41724
352.0455
1627.7131
33.85315
53.65303
91.1796
116.55033
17.649353
32.931797
25.33408
34.37083
80.77757
1779.3384
15.649459
20.122084
16.429276
8.963047
170.47902
50.660965
285.2582
29.82285
9.1749325
21.656046
87.77207
34.160465
8.880037
122.5044
25.144674
26.940393
41.09175
103.49685
41.325035
196.04247
435.64014
287.326
116.37873
27.21323
336.5604
390.44147
146.515
16.317814
73.899864
92.951004
14.454051
719.0826
19.647003
258.55566
31.859873
31.170546
58.584145
82.81449
77.09441
93.18146
281.70367
34.506958
56.081684
725.31946
109.17412
30.616793
41.910465
209.86482
79.34267
23.716208
30.489504
71.654495
16.912867
84.105354
33.72392
12.777428
36.61321
770.00696
1347.659
6025.9233
9.045444
67.45084
94.28938
49.396225
14.311825
269.9471
268.4486
53.338802
23.555037
8.523724
4956.3354
49.13475
5.586929
16.281912
7.2086053
7.1969733
49.493526
30.05136
641.3032
103.07334
61.72469
38.31008
102.19814
7.611467
274.56058
2407.9373
6860.0913
107.49332
254.1676
188.12209
406.87628
8.913551
41.702297
371.64273
22.95222
46.285187
309.8271
337.2237
2600.9963
36.786476
10.598612
50.093643
49.698185
35.66507
543.37134
11.923484
221.75204
21.796043
10.966943
27.187103
8.524908
11.727914
1455.823
98.83138
72.220406
39.537937
20.634096
289.09854
64.56621
84.42491
407.40356
518.1047
245.93678
1760.7657
80.814285
124.6234
4.825827
24.913273
35.09999
114.33513
15.78517
106.95871
46.536175
110.408264
247.33829
9453.438
3776.7996
462436.2
600.7074
10.937851
550.4054
63.243004
78.96293
7.371424
644.33655
30.122545
69.61576
47.556942
18.198702
4.0385537
21.323925
432.33963
82.66749
818.441
5005.208
64.76034
1070.2994
403.74652
188.70308
16.405607
23.23292
23.089045
28.46764
15.697626
10.981322
646.7039
272.9003
10.065752
207.95372
41.892555
720.3397
510.0754
8.415881
378.50354
86.58696
42.997787
1134.2762
173.52588
66.069916
38.065704
165.58058
76.32427
460.87888
128.7314
11.645999
343.24133
5.0322886
112.29543
149.18747
522.14014
954.48663
85.70315
21.713501
60.22013
314.56064
35.09583
329.06464
25.444809
26.83903
11.252876
16.86765
2437.8027
101.81928
93.9526
1000.1899
31.466547
31.686996
169.88217
805.3842
2027.8014
105.92458
98.13572
2427.1943
98.24696
14.903801
122.32403
488.4462
118.39611
5.9949646
273.59958
341.57626
191.19511
98.347595
187.92241
6.6294627
23.211079
1036.3319
934.39923
175.56976
1842.265
1455.3655
209.58623
209.7838
208.8164
83.3209
121.17346
451.98364
12.045286
9.361014
29.579306
33.331467
53.339638
12.872055
8.914533
251.34172
47.343754
1237.8053
578.01074
5.672397
262.81146
34.07345
340.36157
766.1441
8.805029
327.66547
28.752806
1151.731
78.1227
17.480064
1206.4138
19.72034
63.21545
40.954834
30.950253
442.03757
3146.55
1028.4962
32.914997
2947.9055
24.566252
23.208607
94.894554
20.160679
47.22015
569.94183
11.027301
42.160736
174.0335
10.563518
11.579769
264.61618
48.63859
33.03834
1963.2179
14.509537
645.04456
264.7303
671.57294
19.670086
157.0951
24.58085
79.61382
343.6565
10.224745
109.00979
363.67245
401.37662
712.7107
849.21655
54.04065
9.787726
141.38579
39.242905
30.36108
72.28239
8.9273
30.39733
20.45418
365.8616
18.94294
117.69801
94.01898
86.3657
228.53976
70.26112
191.49393
15.811159
45.57987
496.15964
72.878044
14.961601
922.0866
71.13475
6.739217
17.505138
292.8505
130.30511
2524.4424
116.32707
73.35174
1027.6212
1397.1549
63.06837
3316.7415
45.849243
7.761551
359.2784
231.82924
52.42929
113.58203
506.25128
448.5775
24.76258
352.40646
1132.178
59.497604
49.343594
62.452488
110.02341
98.04839
87.70149
2025.1276
14.785619
903.97076
37.755787
44.532574
645.16327
313.8048
68.75975
104.00989
82.72262
1062.068
556.04596
40.682533
1239.695
220.24762
717.09045
44.494835
558.6597
47.524197
1268.3506
64.86968
101.8776
9.407741
3524.9434
77.68596
37.90713
36.543255
202.37685
63.30691
305.37296
17.879269
27.534052
816.65125
42.04577
988.36053
907.562
5.8434095
110.03621
37.009876
102.56395
57.844963
36.809696
370.6027
49.97264
61.1293
342.51147
39.808903
24.453074
180.21971
14.30049
412.3103
27.062605
1110.1892
125.91121
19.853102
29.822956
1104.4792
10.283331
34.143433
602.9116
13.831493
11.566188
24.649902
20.299171
150.13968
59.413998
60.158714
23.190336
95.84078
38.207054
137.58476
34.710415
538.1968
1595.4458
11.3183
10.059816
363.0449
80.361
175.38785
72.144066
583.5636
1216.7853
48.989388
29.138416
646.83466
29.290983
4039.414
1107.8945
62.23948
13.014181
46.359932
471.39478
13.735864
45.626076
82.134766
33.110542
36.994385
50.405907
12.356651
139.93303
31.933388
348.0652
190.03252
244.18712
80.2229
23.110552
306.62708
11.380729
44.598858
30.7096
502.7772
163.40393
36.583942
50.750034
86.008965
25.501543
1851.6321
76.7758
238.95926
371.95724
556.27795
85.669235
61.135105
60.233803
611.008
6.7903004
480.76968
232.92877
34.03998
94.50598
16.644255
48.228558
40.560642
917.92645
52.513237
354.151
1000.6011
51.17864
232.54546
764.0387
579.0179
114.09571
51.979282
4.3701797
45.403557
90.022964
23.20559
783.37683
69.068275
1115.917
4257.785
4.8885627
67.99815
4.0895286
38.900707
28.884918
57.77663
18.947407
10.129265
134.48106
23.75377
17.65997
170.58994
143.80466
1635.7334
167.89073
198.43216
2235.3765
38.85666
503.21997
24.262865
1043.9746
430.82907
149.69327
339.30408
22.312416
38.6188
398.9893
973.3261
54747.56
32.60593
624.9596
25.51933
812.8401
638.83075
67.14547
68.59512
50.94219
444.27304
42.125984
595.4756
14.897052
379.36163
123.021935
69.16778
50.476498
10.299893
3165.9556
317.1336
672.2893
37.61737
59.844593
79.06911
47.206295
12.540122
35.874687
12.256712
43.503616
63.47016
643.0162
90.10598
473.5944
181.90776
25.83657
2578.7563
87.64313
165.27791
785.9547
33.893482
96.497826
215.40921
13.885989
11.852736
79.064354
52.7264
40.99306
2246.274
744.0809
74.487076
41.76626
871.2404
125.42798
25.216644
168.96315
21.914007
6.733653
489.3715
59.581894
537.48047
66.498085
340.27005
10203.965
93.82268
38.549244
41.901943
37.626835
23.493254
30.49726
13.824082
215.52202
1328.6261
11.45969
400.7486
867.03424
15.434459
84.308815
192.01364
59.88964
63.482056
33.26729
114.656364
329.44727
24.03583
84.10235
262.56732
59.304745
2322.6055
68.82634
34.966747
42.661873
99.463104
26.69125
21.536007
224.26212
441.75247
52.844772
61.82558
803.97986
23.688189
33.755516
40.217766
822.6773
93.32562
2027.2891
1249.2458
47.24607
114.76549
1727.1624
17.050344
822.3051
71.724365
34.813145
380.86093
18.883175
56.294308
157.3455
153.01642
728.1486
781.1734
287.16077
23.03605
491.90027
89.86831
345.83463
63.13652
47.193783
2668.262
454.42282
1174.5101
134.30682
25.97639
22.801754
34.35158
370.2136
467.74997
467.463
102.70563
1808.858
25.113075
11.743927
1378.6893
120.71406
1158.2136
12877.487
34.214493
425.74744
24.688097
29.045603
87.704834
247.58904
226.63985
1058.4214
263.76172
370.67413
113.515816
5.3904505
33.642456
533.79645
125.25287
261.0173
5.4818974
66.02654
404.09802
48.93101
402.84348
18.09043
47.56811
128.98676
14.493414
60.405
720.019
35.080753
240.90294
22.918364
32.09231
22.706474
1725.0231
274.81586
14.30195
116.6513
46.53631
1450.1874
20.78864
25.655737
48.3498
42.16098
13.001902
33.74169
118.66232
1404.147
59.80628
10.933278
909.4526
61.00031
31.833488
436.00797
542.4647
10.717197
32.58551
1339.2537
48.557587
52.309044
951.973
55.66768
113.526535
1262.7847
755.752
441.59033
47.494415
31.971401
53.25797
79.387505
54.889862
751.0254
616.54034
742.31604
1789.8314
12.474534
5953.9756
14.929506
252.63849
1573.492
670.50104
63.230915
45.942295
32.71308
69.21974
4.163561
118.32292
175.5217
40.982517
89.73963
30.738585
348.0116
462.1718
516.01154
39.46957
182.23221
224.66412
35.908882
35.369106
1541.6339
108.0426
638.9017
9.173872
2314.3152
37.44314
48.399876
53.744587
13.275094
4.2511067
27.148441
25.446056
28.836828
90.7231
595.5781
57.132572
27.842108
387.47134
422.65228
25.509855
634.8143
308.893
97.903755
125.06309
860.87537
15.881673
19.020113
1481.601
55.817696
27.10067
331.21487
32.161133
842.18774
23.606585
128.17444
140.14043
87.836716
760.6882
506.21652
66.01212
490.71045
84.22025
1096.5757
128.22139
18.546932
31.092278
9.779529
142.91646
274.67673
158.81773
17.39075
205.8422
1053.6708
15.694154
3110.4165
7668.9487
123.15905
434.09653
17.022299
356.9882
298.31747
193.86514
2548.9365
295.90015
253.02257
31.83776
6484.2666
105.47248
705.0173
30.636595
76.59662
55.329525
234.17786
39.986042
49.801437
105.21695
291.11447
14.985734
481.0602
12.291036
107.79646
170.03162
273.40384
399.7756
45.5921
144.96155
188.35464
410.13394
31.919939
31.788406
18.80115
898.071
53.470673
46.737633
1521.9503
82.178795
39.5645
2674.6465
466.3507
14.726946
33.12266
12.175377
7.4740086
22.04772
29.635881
57.21957
50.138126
87.21885
999.7569
79.73798
37.193123
1425.0659
245.08966
369.89548
36.62758
175.09897
42.82952
552.7478
30.88545
47.3102
21.807785
567.64026
54.293488
394.19635
106.30504
5.07531
113.78001
55.574715
11.464672
405.96448
596.47424
212.10883
966.87085
10.9129925
21.289732
58.66759
65.14278
42.351078
95.55581
36.316494
799.555
36.014614
390.26855
70.90717
11.060719
148.31906
34.836
31.057508
4.3701797
27.465307
73.5559
350.39957
2217.1726
94.26044
38.73404
3700.1172
423.69006
38.816853
128.6093
361.9371
600.9675
275.0981
1456.3083
13.707838
653.6575
45.20887
34.787148
67.175674
20.262201
283.02304
11002.163
93.142944
17.846231
27.791758
39.474
14.476123
67.60885
268.76688
63.196827
90.91135
604.26117
85.52585
1716.5381
60.910004
27.741993
17.357752
41.807503
531.1102
25.937569
26.284666
170.38597
2647.7068
1532.4197
1791.8655
87.526695
46.924854
40.292797
27.051006
953.7505
49.965565
20.159967
21.725395
1319.8403
195.64865
19.615673
91.71377
1894.6486
122.128845
1573.5226
982.34973
25.647285
5.586929
53.415604
249.00517
11.741891
469.90216
38.890217
18.594376
67.343185
756.4553
277.26556
31.923676
533.5511
1570.495
60.609756
65.23058
377.9032
916.01227
2468.672
10.598612
882.6156
57.562714
49.234062
53.498486
26.76782
91.64198
41.846317
5708.7886
19.36718
5.614513
63.10239
173.9834
9.27266
41.097992
21.364601
161.72763
845.5448
29.060081
543.8019
214.48021
55.89395
1322.2473
51.794315
673.4537
46.217026
6136.8735
44.18556
66.15578
30.63823
132.10202
34.031868
146.0372
768.0608
490.7074
136.99739
14.707748
75.55044
1145.2556
50.932816
26.21831
1153.3181
16.697428
386.6718
328.58264
170.17778
13.001902
69.2241
6.652288
94.18577
654.735
5.8115764
887.6949
1078.932
13.765556
189.33191
725.7443
350.18262
391.08466
1274.9592
25.08714
515.50665
14.99019
58.40377
973.5405
33.187225
84.82027
251.29715
1119.4788
38.76192
161.80647
28.265154
109.98197
12.118432
22.665302
1244.5991
19.185987
29.627596
37.431107
18.449463
83.95874
24.454018
1476.4506
71.66314
27.040213
19.5233
3.8848848
179.3439
1186.9198
922.2902
360.76508
26.728447
281.39316
797.77576
69.7086
617.7233
29.790777
38.92916
102.360695
100.526955
171.54498
39.54357
158.63629
312.89145
71.865166
2216.829
124.81174
574.2452
21.036358
607.69183
1165.8479
87.02883
59.31662
1148.4377
45.97633
22.104366
155.27873
58.02212
588.9747
29.45626
7.1598268
61.007988
343.37
416.9175
2439.4353
72.16337
109.27781
847.84937
259.25922
73.390884
117.14511
270.46893
418.48163
8.99254
32.971786
1077.4756
127.23727
70.55984
58.01471
12.598505
34.329735
28.821053
18.334126
729.04877
15.89785
20.514585
480.39273
20.92214
523.3553
97.41447
623.1637
155.0916
37.143005
64.79735
39.30885
26.186163
223.27524
24.19625
676.4813
336.10956
42.09508
68.01158
492.1635
21.230417
472.25107
7.781391
98.44529
272.06967
6.7055054
2424.2114
438.8409
639.4659
917.3931
4324.1387
144.28882
29.846323
17.548906
252.33302
13.480722
696.075
17.777702
32.411808
720.6001
934.97644
262.098
2518.4983
149.27138
20.287188
7.253364
48.503635
180.37463
19.517046
751.3403
118.4754
159.6253
476.10544
29.512508
27.292723
4.8020205
944.15717
151.7987
56.13883
174.47829
18.604166
2044.233
26.47597
28.70539
36.79357
618.98083
12.208531
357.83777
16.23881
181.16843
1189.6469
68.07449
23.28175
1846.9963
10.8521595
160.3873
16.389198
34.325584
363.3161
17.472164
14.935106
168.0918
33.325825
261.12784
25.154196
64.87572
74.36846
5.495723
9.301132
78.87104
149.81395
305.66254
25.898579
126.2066
257.04352
56.29457
105.52687
62.14325
165.69124
646.53925
23.291
506.1653
1571.6652
25.94839
115.55304
25.944887
21.60936
48.239113
914.41064
553.1496
1429.6069
918.893
37.971535
197.11423
21.748447
3.9486175
37.169395
37.383472
162.88234
121.83231
95.17429
16.39185
431.57938
14.003774
31.95914
36.240463
608.1406
83.84324
55.067078
529.6025
32.81531
251.5224
11.915161
34.238865
78.71177
961.7898
5382.971
1091.0819
39.48506
36.66821
142.5889
21.366562
595.0756
104.34683
141.58772
17.347872
49.34203
43.51046
770.4693
3017.8748
420.47226
323.77594
327.33017
299.08887
27.805424
28.420994
43.094414
1051.471
23.08619
88.550705
128.43935
28.046022
268.67438
675.9857
85.247635
30.846367
42.31454
91.705986
24.798248
80.925224
2007.3674
595.77155
355.2468
85.11275
86.57309
13.501343
21.980722
405.78333
64.372696
221.99802
750.4086
76.115616
254.65831
23.119854
38.116333
440.68097
175.49458
40.688198
22.033407
499.20364
3671.5852
24.30024
16.815445
90.455414
81.55452
1167.523
1746.8175
50.819523
905.2769
118.4636
118109.91
746.6566
45.88688
650.2782
41.3022
64.61056
376.90857
11.632904
77.35649
53.183475
452.5411
158.3384
446.00955
932.6855
32.730907
67.62449
199.16814
38.776318
694.3369
43.62674
101.36276
677.3257
27.35598
250.91519
162.28548
732.1472
85.57807
31.057678
136.55652
624.8657
5.765621
494.66525
22.028128
102.349915
32.169376
15.034408
39.65088
751.6588
512.04736
505.95972
13.727223
52.36442
15.472274
63.774506
60.019634
6.3013225
414.53912
478.05524
839.1152
7.280451
46.16768
411.62708
25.30163
55.922127
48.13205
8.003713
51.640827
27.63182
2190.6428
2382.8032
210.44164
100.53784
128.18306
32.726402
29.213264
28.173384
23.460402
166.37741
2012.5027
751.8617
112.15705
3862.7744
53.652683
574.14716
14.320785
252.63849
443.306
18.318531
44.807693
330.88684
164.9117
124.66186
29.900446
388.60577
1132.9384
14.824797
49.344666
76.25264
54.507217
1969.3188
108.98578
10.736108
70.40373
315.63083
33.43345
45.266453
364.2408
48.630997
436.37592
30.579023
741.71735
29.048761
15.342654
57.12854
134.27397
205.27594
944.5971
87.11606
1863.1797
156.52026
27.95949
76.36964
20.536499
165.46092
362.70038
15.491938
17.044098
1498.7698
11.933952
508.22876
292.9026
165.53693
40.161385
742.2184
15.542315
161.83656
165.38039
12.987626
1106.4391
80.06671
155.81543
22.462242
401.1633
55.528282
72.048874
84.89521
33.278625
68.00078
13.889194
27.779488
263.68613
31.689777
25.225645
2308.901
261.34048
50.470493
24.775236
26.613277
40.27958
55.428654
413.29742
1950.9323
37.415485
453.71002
8.946861
45.887
12.551545
13.577862
1191.4761
1059.06
19.007158
40.340782
27.554434
9.8394785
415.473
19.11931
15.939564
89.703735
3873.5203
44.28854
22.333944
10.518652
617.9475
129.7854
3182.6448
17.676899
50.94229
762.94366
406.55222
1020.38135
19.425514
63.85356
403.42133
36.496613
38.13346
114.1141
39.120785
51.32908
7.67183
42.134743
43.959034
16.39121
425.17334
3.8120677
7.4334846
42.91524
58.458714
403.56195
23.629097
33.06525
71.424194
7434.418
87.40024
1051.3295
68.14256
20.716822
577.89136
472.6419
21.006077
586.91797
29.18143
33.543602
98.3197
1532.5426
379.67435
105.413055
58.019882
254.42223
243.46498
33.012264
48.027657
279.2911
5.7405634
234.12628
462.75485
116.60636
67.70922
294.52286
9.880474
9449.94
797.47034
55.634373
87.345085
59.570194
99.98879
8.737183
28.275108
25.048697
26.794882
7.1003823
7.2274613
23.666714
748.58844
1262.0281
12.19451
97.88009
54.13897
14.402813
437.10394
893.2049
35.097153
71.26318
144.19783
74.36336
341.21243
21.628819
153.85773
544.60114
464.8399
456.20074
2435.5037
54.376785
13.754041
81.68054
143.874
747.91406
73.55825
470.93152
21.737215
399.0083
16.276325
109.985794
1750.7736
153.94037
44.682747
22.535671
14.770574
1434.7479
22.385826
20.048817
16.289219
14.098754
665.91754
139.05179
7.49497
43.672768
1593.8026
13.54691
29.978971
586.958
21.605621
175.68935
4.3701797
71.69
36.538754
13.987343
27.71187
716.3096
626.7887
12.897814
234.38832
44.189785
20.951902
41.62864
37.274895
1690.4696
19.756836
11.245163
11.691959
63.377014
249.33476
6.4067807
382.85803
561.96173
143.53009
380.98608
6904.809
31.089424
21.51041
462.58237
161.99948
237.13947
14.363154
37.647465
402.76758
16.726847
491.07303
16.665491
31.86254
123.111244
10.085527
21.230331
26.348827
75.407845
11333.637
18.158884
63.253292
33.625477
56.72441
2266.0085
251.34172
83.06194
8.358686
78.771095
151.81421
110.084335
6.9840055
43.010677
149.51057
104.43191
38.18466
34.720676
51.80762
1261.1558
5.35762
295.65387
90.31741
69.466675
572.41675
136.60204
94.1608
373.6674
228.88898
115.615204
2419.8286
59.317722
34.367943
2289.7456
105.28315
41.484764
823.476
60.016685
21.539045
119.137886
19.074564
557.4455
32.80131
11.473898
200.96297
19.624426
110.9087
46.84807
110.384476
468.3238
28.757872
60.467533
78.0747
21.572886
69.73028
216.2458
11.372302
1135.6179
10.023237
68.81928
23.883333
9100.981
55867.89
22.9472
309.9592
69.38242
20.243923
87.96404
33.7391
17.94999
6.749743
2265.3528
60.037407
657.1602
6.891139
27.826984
499.98
33.285313
34.181076
1310.0502
1035.8127
115.55706
258.88812
35.551285
1499.8765
37.125473
5.514308
24.188292
186.04683
6878.4214
5.8115764
242.19281
30.294138
25.300985
36.612526
168.1217
32.08037
23.232626
11.151325
16.695972
13.085873
13.038992
440.0034
15.781422
21.881914
26.464344
21.180279
19.224216
28.049025
497.38312
61.489765
2510.6768
127.30377
335.63052
600.74066
12.514525
237.28108
18430.43
343.48312
619.233
151.62292
732.65326
81.13066
19.950214
18.167389
48.875652
13.365992
9.445653
463.56763
163.23369
38.852974
295.89294
566.5402
230.86398
456.75446
680.0308
61.21468
46.780922
21.59674
136.88469
601.49506
186.92155
9.0357895
1198.8431
958.7479
38.340336
8.732483
29.888765
25.084879
21.820366
1923.7335
319.97058
196.74397
333.48804
32.254547
783.3469
21.9581
850.197
287.36035
71.919815
6.5413847
59.055508
43.33308
175.33449
6.810069
131.17328
83.60825
631.8839
20.180887
47.286747
7.6166987
643.4704
286.59567
250.70555
33.836956
12.058542
61.19276
25.156061
297.7743
1038.305
60.364197
38.484184
37.369633
268.21445
25.313095
38.091694
33.248413
45.321682
300.23987
1788.5773
3545.0767
491.52582
11.624292
86.39737
45.63766
11.631497
73.052246
74.20088
234.0669
423.44345
108.796776
637.95374
8.439261
18.21808
11.249722
175.28851
37.899223
29.63991
216.80179
231.14706
2872.8667
31.410913
22.996367
6.4862494
66.30225
271.60886
7.7902846
1439.884
29.772053
1590.2499
917.9628
413.1451
25.727243
149.60164
26.410875
37.681293
35.277077
1209.6096
148.06186
16.609213
686.8802
11.381014
30.504576
1267.4811
456.32996
32.13509
1102.8446
908.8387
909.69934
219.03838
82.15396
150.90834
51.79975
55.951866
702.6046
345.02686
37.464848
5.640371
212.54926
1035.9589
107.73583
26.728931
1013.66675
218.85461
277.59653
400.6391
69.316055
335.42047
22.153109
22.238361
162.58955
151.47679
299.65762
38.08644
231.14409
1443.1057
50.801678
420.41412
35.28525
66.97721
80.33951
670.98364
127.46748
126.69427
2614.6138
118.189156
112.71033
26.283838
1297.874
402.16306
59.746223
62.033054
1636.8491
464.5975
111.14943
24.685078
326.3396
35.655827
134.41216
162.495
51.58486
163.62865
74.8193
25.507753
2483.7798
18.040478
3122.2034
1693.8237
19.201054
23.550634
23.308954
163.24428
16.554556
11.16911
35.96441
1369.8395
848.9465
199.75735
25.787598
216.48898
205.09279
709.7517
43.52511
21.159777
606.18665
1491.2731
290.6297
137.7224
44.773937
759.76917
52.185783
101.44365
18.983932
120.439514
21.301937
23.433931
2294.6018
82.74325
15.515805
55.201843
68.39549
421.96338
101.31912
121.02691
1108.4152
26.946856
475.29678
27.342176
15.154311
78.1518
957.4277
18.737751
77.80892
1269.4633
28.31759
11.433466
112.49867
2295.9348
5765.0537
65.80429
36.593117
4.51513
686.62506
1374.2013
553.47205
136.75702
55.212795
79.99512
5.586929
88.41438
28.11656
343.73694
31.755236
103.746376
10.339422
542.74725
355.01447
251.42538
850.15485
38.96026
485.26505
2693.1443
49.201546
20.880344
19.729088
18.09584
4483.624
52.094128
27.776249
37.85099
291.46103
544.69354
279.76654
121.23055
8.429472
16.05508
100.706055
93.14406
546.5324
235.21057
45.431717
542.83374
14.772637
21.068993
15067.659
30.775179
1793.8593
351.1556
26.1065
83.19473
26.883648
66.21716
2073.9836
6.442193
14.714448
35.159832
79.81958
61.613327
254.50752
38.227245
1533.0161
28.169905
14.990111
71.41463
54.476795
29.804346
93.8578
39.523254
16.205877
9971.014
1662.3777
210.98642
64.90322
21.64498
25.742105
38.818085
158.73436
3.9486175
27.998138
6.949195
155.32695
82.03371
885.7896
94.76234
31.145742
11.865375
6.63353
31.098022
9979.176
176.83365
36.882603
11.016047
24.2049
25.540384
1521.9467
164.88582
7.2608724
47.375927
11.92447
829.7779
40.896973
8013.8525
27.647598
1610.8099
32.231384
17.155111
2373.3428
89.47826
14.2941
22.927256
121.54677
10.622646
31.408144
236.6746
42.081585
545.9771
16.137228
2458.8086
14.230233
1202.3186
55.27056
100.14564
68.92394
1169.7141
282.90228
670.02094
314.8354
37.290085
31.909704
99.637794
37.392735
94.51229
255.05486
46.561058
173.61287
826.75806
24.194654
364.8522
59.639545
27.008604
41.91052
71.11592
147.72237
324.50314
21.176079
22.733976
288.97134
604.3931
24.100077
82.973625
109.383286
45.91334
924.7272
19.79607
672.35406
19.095259
653.41003
135.48479
98.76152
350.8923
15.515668
17.700157
1206.1826
20.44268
27.456974
5311.928
993.9483
111.47108
9.022213
30.88179
290.19684
86.432106
859.9806
41.040134
15.736583
300.0016
79.50101
2534.7278
228.95468
671.2265
448.44556
9348.142
39.179066
62.498184
521.83124
32.950623
510.07687
1878.7125
11.747604
226.40092
80.42126
63.46084
21.128315
2504.292
860.095
857.8644
1984.8552
898.6004
328.42175
60.538765
298.79053
3.362334
16.89613
1615.9883
6.8177686
23.231153
90.01417
41.695934
36.56026
29.142076
173.7641
93.91785
9.400884
31.994005
24.92985
57.432156
10.105038
20.479649
56.726414
31.715105
109.220146
36.813816
1392.5669
15.364161
8.913551
16.499002
353.5132
263.26086
33.446392
7.475603
3844.887
718.155
386.32166
65.35185
680.07263
1741.4126
25.75714
39.10134
821.4386
367.1046
458.22174
15.724198
1726.6337
349.0345
72.709724
35.349197
24.463364
26.974771
268.44528
111.03559
222.25
54.164455
261.10468
33.258636
14.384597
358.3989
984.4717
102.85992
120.560074
27.97055
41.7475
87.71901
2106.107
21.455595
44.888805
39.22145
88.4549
19.75401
22.865852
9.262585
1744.0054
7.934612
72.48506
235.23737
29.570349
118.875206
13.839289
19.393684
21.626694
9.337723
688.07043
525.3017
919.51764
762.9018
8.8288965
16.618942
1815.5455
14.772905
116.17419
10.480647
313.3168
19.75521
199.22922
540.92474
16.337791
1998.7589
69.99942
15.109925
52.88904
36.634872
4.8020205
87.53024
17.410656
206.2934
748.3329
318.55142
454.87808
89.04641
42.290257
112.57621
326.0929
3282.9497
213.98027
24.296976
57.463436
71.7046
36.859375
9.521659
70.491875
466.4486
25.377184
7.471165
2199.7454
5.624443
203.1637
18.24835
321.61127
267.0054
1198.1625
1668.6597
77.805885
25.283154
32.50056
1100.9194
2498.8132
22.863464
62.02791
41.17101
161.19017
1664.8726
165.56842
32.6807
430.3306
24.024618
819.6677
409.56702
813.0606
34.04102
335.07788
66.90565
68.55791
8.718728
68.57399
185718.72
39.83319
33.031578
166.43715
14.727536
22.281546
391.57617
20.620493
86.585594
78.960594
56.494236
398.7078
4543.728
17.811285
466.39075
44.764214
1421.2013
30.207819
424.47223
7.9814177
119.854294
11.9113
1494.52
17.907507
61.462852
20.766022
21.416073
14.237186
31.1747
3004.3208
29.635721
42.856865
344.24463
23.130428
25.294888
37.854687
69.94131
32.244152
56.299404
23.240555
32.277775
1393.635
36.18903
8334.717
6.445474
185.61679
139.84299
103.39489
218.98836
5.5951715
27.264887
18.661617
752.0224
86.28218
24.700214
21.348795
103.446915
866.88055
154.96016
474.88632
1801.6154
194.27481
22.2088
770.12
71.517914
49.849205
34.287052
395.1369
1352.0773
29.88429
413.16898
40.25788
33.643635
59.725574
135.2729
39.557575
408.53986
353.17288
75.0547
22.171255
241.83968
72.97677
21.019361
980.9338
12.843521
89.005905
233.66286
41.92057
4819.828
27.838615
81.51359
23.704262
38.488644
85.00478
45.68832
228.52745
554.1232
55.93968
633.8721
79.24039
281.61746
174.24367
80.47868
180.74356
115.678795
411.80515
18.80009
458.40662
9.199083
197.02083
6.8935256
408.75204
40.75349
30.835257
17.534662
161.69934
519.776
530.21094
188.01616
463.1151
157.03706
37.05163
1019.40436
21.671272
7.4763074
59.602753
508.8018
11.1878
21.676968
969.2439
312.69843
787.841
812.0951
734.37134
70.27514
63.46707
768.5206
32.64683
82.34822
797.7807
35.726387
120.14102
51.650703
12.173705
666.5526
139.59616
25.267437
84.7277
486.29074
11.621973
817.008
102.96994
46.777977
49.428722
31.403915
72.947296
21.700722
20.549976
631.9541
163.78587
82.98657
106.31503
27.610939
233.66812
105.525406
516.8771
11.23762
46.544773
1389.4382
108.96821
399.82364
2194.4263
853.549
39.8673
62.692192
21.865887
21.28528
1134.484
22.06234
180.85097
192.37317
984.4636
50.325066
44.558254
74.17605
52.6643
270.81635
37.50081
37.27188
21.667965
39.55733
8.776119
34.188103
51.562504
258.88034
92.54401
10.104296
821.5036
25.77813
144.19962
757.0367
10672.677
30.151524
19.858725
848.8145
77.50827
117.609825
60.797558
29.50428
618.31177
9.489433
996.77655
2782.8557
11.324395
194.11147
142.44327
189.72368
4720.1084
723.18866
1383.7336
321.36124
3542.8054
1199.9652
7.685964
730.9044
126.789505
737.312
76.0654
19.783468
9.991533
12.756778
67.21319
63.100163
895.3345
46.4993
134.56882
1425.573
48.739315
742.06335
5.397298
1411.4237
56.337273
599.0432
18.449291
618.9534
36.398582
106.95785
809.9565
27.40534
872.95447
32.47353
15.308363
119.49478
651.201
17.543104
29.33576
57.981464
58.82993
31.846249
1858.8411
278.34238
25.401674
97.13398
38.048073
196.29529
262.68192
37.89223
16.098465
728.6894
291.73798
16.930874
86.99282
32.783672
20.146263
15.380093
41.724583
28.645298
260.9013
562.1016
17.634203
51.196213
52.550762
568.09656
34.183872
156.37636
677.82587
177.72021
28.392935
14.099975
20.143232
35.911163
93.51432
13.581899
5531.7554
222.0984
90.532906
27.852352
500.9938
15.052137
36.677555
1091.1194
100.42706
18.726408
17.943874
520.49994
13.353066
95.14225
58.717884
20.33678
71.284355
146.29886
7.831803
1144.8936
42.962273
186.66959
29.42019
28.958162
2046.928
32.52801
18.666342
374.01053
289.0773
63.471004
106.587906
272.59753
46.8879
52.628212
15.579326
16.70618
22.364876
18.945925
33.45702
270.67523
9.113715
46.697308
32.8624
221.1685
18.691343
5.932724
240.74033
568.12665
69.3596
7.8825316
72.85608
812.37897
209.23842
43.147484
237.77513
551.0977
1562.7096
20.925129
5.136426
9.491263
72.33672
100.89337
60.418823
15.873174
34.525658
61.64836
35.907425
79.55724
11.973011
58.993786
521.35895
28.49563
66.74727
1422.071
126.95098
29.570045
20.257177
270.89758
1324.915
59.43397
14.368758
424.44995
10.792875
1162.4468
14.705203
683.06323
16.612047
168.84018
657.0991
20.098251
197.36534
344.39337
38.048073
29.414627
80.83717
447.9151
17.524055
45.99894
16.787584
380.39594
39.19523
55.097546
25.754688
21.136171
83.623924
140.0204
60.738995
40.05672
3208.8486
86.335884
112.45973
8.472215
94.75714
145.45662
8.787418
70.53754
724.30927
293.32217
1362.7006
1484.2845
8.787418
91.84804
70.9685
666.2879
198.8583
8.144015
25.383373
9.40447
34.798702
69.63601
46.719215
48.494072
57.595715
150.98549
11.71054
25236.23
26.651182
26.408083
56.90861
655.25903
71.52914
1016.79694
138.82726
1218.1211
38.438885
1367.3792
213.65096
99.432
2660.8596
1781.3367
275.98328
133.95998
15.898811
3.9537838
313.18533
191.67216
144.65097
23.532005
40.413445
3150.1592
109.68439
258.62396
109.39351
658.6219
14.0221615
99.98898
95.64307
9288.158
16.973522
108.55949
20.381361
6.619223
12305.233
25.058554
242.96965
612.8244
42.985508
79.26526
65.733635
507.7003
10.433902
384.31726
140.57454
26.935307
68.65422
39.787003
798.31805
25.771532
48.311268
702.95447
20.213598
42.312885
9.595908
18.194857
1284.2711
25.61671
579.2993
30.722313
38.20217
292.55612
8.107696
949.1031
50.46711
82.04944
30.869305
64.1532
189.38708
119.42944
41.088753
43.30623
14.267753
7288.4336
44.14346
1763.1846
88.3256
7.2706823
55.848633
25.105131
7.2823415
71.88241
196.04611
94.320366
78.8443
30.311613
232.7195
49.771835
745.01636
82.87019
8.973598
991.57996
31.38946
219.44891
12.98366
950.61896
112.78495
40.610172
313.641
27.787006
18.31424
54.15973
5.5208454
46.723984
7.0546656
521.3214
450.7005
111.46858
29.5079
386.27872
4.8020205
1236.1626
8.131527
37.309704
178.75421
935.616
6.60836
56.473335
297.87695
14.875334
35.473118
743.31104
154.48378
124.762054
6.5388317
21.8565
390.20825
40.001663
1347.4207
43.14372
24.320665
81.008354
125.80181
80.82442
4785.7964
689.2526
12.083125
579.81244
39.642258
1303.8816
122.16257
49.786186
43.346222
73.15794
487.80844
34.75093
2818.722
352.39603
90.86437
101.84613
90.730194
221.81465
368.22104
30.79722
25.962875
816.80347
109.75831
151.98282
596.191
36.290916
350.98267
204.57698
69.688324
44.161137
106.731186
74.64512
10.136341
9.1749325
1126.6772
832.2986
979.1948
267.66074
10.515844
1700.7622
102.49834
33.08826
41.234795
16.304598
206.13234
18.358788
19.842318
72.33501
46.890476
446.43597
203.04982
1182.0167
1148.6755
546.83923
57.132492
842.18774
29.204273
40.60958
56.8564
25.751736
22.986877
36.24769
152.62306
63.75301
32.174393
27.049452
12.932477
32.121128
19.559193
1153.8126
42.895264
117.44159
6.668482
103.544876
35.026222
450.6148
301.87653
11.054007
36.3217
243.84248
131.49104
24.011997
177.97507
44.61383
7290.95
79.92779
211.43489
73.78723
15.890978
1322.4938
1006.0858
31.613785
22.685263
63.374866
20.260626
626.2453
59.090744
1373.5244
54.85985
34.936417
1240.5245
28.059652
38.753445
649.3759
22.203993
334.0075
45.171574
551.3902
18.599329
106.368675
1258.2341
569.64923
235.0054
11.114128
655.77795
1109.3711
75.83666
5.299237
56.671936
61.383305
340.96747
16.81298
14.54527
74.46828
130.83951
47.866745
2735.49
266.49432
42.764008
292.18613
16.329933
326.80618
13191.834
31.996141
312.69427
222.21938
2421.2424
31.737902
1153.4418
501.29755
36.849236
208.52249
175.53517
75.79346
626.2835
218.32803
11.385242
61.666496
217.2618
19.431503
83.75046
19.131285
189.1666
70.82101
2226.5999
672.9381
119.23979
700.3922
49.020885
1350.4187
41.428658
595.43274
32.77675
624.4642
398.81256
69.82727
10.31989
9.658172
5.5951715
3056.566
40.93853
41.58713
716.74756
4.8020205
432.12155
39.6965
172.11656
530.5268
14.278643
1070.5093
25.734777
463.01224
148.05685
41.63745
55.43008
209.19392
44.7056
247.78485
177.30006
147.48666
38.013546
120.44566
110.73131
27.821108
106.680046
175.07335
1501.2439
43.48462
19.252377
83.33314
48.331207
8.294271
1056.6383
93.95614
17.778316
133.89758
6.6070623
481.5925
107.53382
651.7817
4.540866
10.065181
2863.1704
151.77179
22.120182
11.853886
63.51845
80.22187
94.39357
42.668976
1462.9691
399.3568
268.56793
127.642525
1099.21
119.36551
22.262264
81.4195
243.38895
19.827307
15.988972
3075.6953
65.3803
251.34172
1545.9197
37.533627
153.97972
379.6396
381.4169
644.35834
9.653929
260.4624
16.77696
58.911224
1470.0957
8.517442
9.677427
17.422316
67.10552
200.68631
827.1493
250.87259
5.1180086
14.495128
211.82513
26.091623
69.98604
50.424778
54.90842
56.067856
1691.48
213.74164
6.307609
97.777176
114.6935
609.96936
53.329327
624.1623
519.5718
43.16552
27.191711
57.75608
671.84485
485.8865
15.134016
670.91833
7.534094
65.22225
263.53882
863.0225
16.570177
47.27963
346.36914
566.04395
248.3647
101.35662
757.32263
59.228268
13.170551
2393.851
148.42435
10.109744
513.3135
370.65308
421.645
52.490555
17.295519
2755.704
452.13324
293.74207
57.757427
170.74872
128.87573
3599.571
67.35815
17.04107
12.904396
298.35904
1132.0021
4160.4707
2568.241
86.64829
8.609369
382.7737
217.02892
450.28488
16.224398
320.03372
1084.9181
18.858007
63.468075
942.43445
24.32361
31.023819
848.47784
28.580702
4057.8235
56.13816
13.257023
20.66714
22.776018
19552.201
58.15841
172.44484
1383.0278
2133.9714
29.506063
29.406256
71.37401
16.610998
121.43704
22.654476
47.865993
584.06305
643.9145
39.2555
16.838318
1331.324
104.92356
49.951115
36.24827
606.6704
2138.0955
17.970581
21.798891
11.104898
16.816769
420.13678
97.87
50.766846
15.320897
42.644333
51.03558
14.056391
27.902979
1124.5319
25.210741
92.47964
32.33114
108.685715
780.0419
38.537052
2413.493
994.72925
56.38008
119.33927
290.39893
18.897772
68.30528
67433.58
596.33344
2265.7212
12.191235
267.69443
30.732351
527.37604
68.22661
8.862842
345.94116
15.391438
38.90103
326.14532
733.2663
16.19832
88.99682
34.21302
320.76096
7290.032
499.17886
40.664097
141.86298
383.8448
10.407758
63.056946
1311.2501
9.608781
54.815006
65.11803
219.3831
30.610966
150.41185
27.11938
19.42135
27.129229
79.91014
259.18344
19.337822
234.26576
21.993954
10.821231
1798.232
23.286047
818.9223
132.35939
711.26605
33.194252
295.9769
863.51324
47.178333
26.766909
727.9445
14.6954775
121.771965
1541.412
83.921036
100.15308
2214.6948
120.1314
723.0907
72.801
15.171816
25.915985
899.3965
993.4583
2204.188
113.34495
266.4638
35.01841
633.91614
188.62544
26.634827
48.11413
447.28806
35.876514
49.29925
44.055817
9.977588
576.228
103.08028
349.84747
47.577366
391.01642
7457.539
638.8834
356.66473
23.49676
118.64189
211.75816
11.369086
42.19825
20.015957
49.738785
437.62973
63.60183
35.61443
420.68625
18.881107
392.1717
18.780098
58.90443
531.7544
92.68095
63.47228
5747.827
4.644561
49.504868
297.39386
91.146614
288.9862
22.910759
12.847648
78.294846
16.821604
574.47577
107.09824
170.48154
8.868922
55.87066
20.214176
65.43488
820.65717
75.30102
65.26108
1122.5529
135.5068
433.91772
55.61156
53.848923
20.79847
6.00046
7.871566
24.341356
119.31543
269.7622
113.476906
13.885562
21.753197
1233.4335
61.758636
6.137028
48.194794
32.51697
13.33483
658.89667
120.5822
80.99016
374.78857
51.651512
17.32963
288.67453
74.9004
130.31723
44.1364
45.63416
94.025246
12.6477
13.946581
42.266903
779.8912
133.35776
737.9497
223.70631
95.47041
17.425646
18.525944
18.064955
130.48929
228.1725
91.92695
20.68629
17.365704
244.00624
2100.1912
36.67502
91.60686
11.0874405
169.30429
490.91824
32.175613
149.19324
30.321228
42.39087
38.545807
329.956
243.19383
39.03965
73.99761
86.82601
33.986263
43.0666
722.2158
34.184208
122.01219
179.06491
886.831
204.33617
858.06274
1346.7295
101.149155
415.43216
24.824322
119.39778
13.0809965
30.367037
44.130585
1049.3168
59.141853
16.542297
9.677252
22.481936
167.53566
7.951768
13.125934
105.50941
71.46528
156.23445
87.39987
40.749435
844.7074
3085.752
502.23135
15.632894
164.60686
73.57466
186.75905
53.065414
141.56747
28.049948
12.016165
232.9511
38.548134
17.213322
278.05914
63.603527
80.80785
760.0533
355.36096
173.38081
63.40283
2037.7795
968.68396
47.212025
916.51465
2711.2812
18.712978
7.9076757
171.47137
64.80492
46.628498
46.356613
74.953636
4589.6787
32.997265
108.35821
679.7245
51.8292
34.76976
37.4498
1042.4742
227.97433
29.76014
136.11925
797.77576
4037.6113
50.391266
72.01137
51.132404
37.26775
15.596897
678.5758
109.64584
13.845134
12.096418
7.5475087
34.181507
15.300481
182.27357
46.4993
44.045418
88.05818
31.176167
1192.8575
43.199085
33.15674
17.598242
196.51689
776.17755
17.166267
99.29284
30.07126
111.333015
30.421806
50.920574
138.00836
44.253193
539.8082
170.10548
11.034756
6.9908166
175.12244
204.66946
1844.8848
112.79576
78.195595
598.0936
10.30086
74.301254
779.9031
154.20316
74.13008
191.39908
4.9371767
832.28345
1246.8505
757.23303
1025.3549
2389.0254
1770.2678
32.274193
135.87814
11.522239
466.25735
33.462914
34.952248
65.578636
16.574661
19.614965
3.3623335
259.71765
1973.0872
1103.3232
824.67053
15.257093
206.5372
455.0829
590.25165
352.13385
92.5888
445.62604
452.25574
17.67536
22.336014
21.803522
14.0684595
94.44256
71.94187
25.318684
561.43225
1084.2545
33.403233
19.819302
790.4102
45.123154
49.877678
15.14596
373.98236
430.66458
80.66133
235.9406
53.250645
379.11496
373.39133
5.4253774
76.165794
322.21313
315.2488
352.492
46.417114
112.78495
218.84607
72.746
58.879013
1134.8389
9.444633
277.84842
69.25797
37.160683
14.982823
34.50919
173.92897
14.044324
784.6284
21.810656
78.90112
52.809784
111.96939
77.73461
1127.8818
74.49929
61.408398
1883.4404
258.54788
10.1981535
597.0132
15.054014
56.056335
483.58597
55.436478
1402.111
17.540064
559.6518
20.793491
13.569981
155.61569
1132.2515
211.00856
10.714271
21.606419
810.6717
533.9902
333.37292
366.0469
109.70269
37.563633
66.43045
9.8325815
10.709875
75.75563
1090.8369
591.89166
120.74745
618.9351
133.9679
24.172668
1148.3119
38.601456
1067.1831
20.26164
10.067612
8.723149
8.734023
217.70512
290.47815
52.177334
360.10938
25.030699
13.96556
9.709744
217.26913
27.99774
281.62335
174.24367
4747.9966
1321.6138
61.867485
42.64462
223.7077
1808.5752
19.903437
86.881714
617.78546
94.06804
31.8309
312.93607
89.3098
1984.5023
258.34592
7.1670737
2286.8477
93.539955
291.34497
662.371
97.958855
585.39276
28.329111
84.99396
45.979225
28.666813
3203.2197
7131.523
670.6442
30.77262
669.276
96.48798
356.52972
10.003837
34.5657
3488.674
40.995365
1103.1786
16.513147
107.613686
193.11165
42.416553
173.90898
60.434124
57.790215
4901.541
52.553818
102.640465
634.4744
31.251835
43.35621
110.81292
2102.8645
46.963085
10.627014
72.4245
164.57751
26.299255
641.09564
36.156536
43.61142
6.8257003
41.76172
74.34088
32.33393
1978.9808
2696.7258
841.273
126.66304
22.560314
600.98645
577.41595
971.4084
42.260292
31.704468
63.060764
46.360542
12.756881
279.43802
311.1152
9.977588
240.47311
32.3024
989.9652
870.7042
618.20215
10.793115
276.52167
12.297601
335.30084
20.530981
5.6291656
17.47087
13.162276
35.27745
884.0575
18.223972
1610.8615
304.35812
24.53878
973.1204
26.388504
21.766106
4901.7983
192.17769
22.711906
149.75624
17.794838
420.48248
1753.5583
658.5565
154.63641
643.13086
491.95215
228.46698
283.59488
19.226032
15.765285
173.7719
861.24615
36.806652
59.723637
701.92285
93.85065
60.753452
923.8955
40.519005
50.776894
54.157818
1486.8517
28.614943
9.346623
42.313137
14.269678
1079.9465
16.624952
3168.8796
1178.0387
331.9977
20.092789
6.134338
59.002815
1340.2714
65.00301
1716.6371
393.89008
58.686337
4.8020205
10.285925
568.6307
47.227932
2522.231
221.91304
172.36656
266.4638
565.9743
315.10406
85.56913
123.27209
209.6181
28.538315
15.407384
47.605877
33.170868
52.261364
578.4899
288.64124
30.820026
32.826744
968.48676
14.121877
105.55741
214.54282
75.26802
24.674833
77.42498
301.88922
350.35532
63.353962
75.68039
9.9108095
66.866325
559.3786
35.81264
101.46987
65.791275
27.613184
39.29088
14.941652
312.40973
13.39408
19.121252
49.44348
1117.9504
51.386093
155.30014
85.14453
52.63017
185.5406
469.2208
16.543911
59.9839
55.07832
395.25903
843.82336
24.328278
482.37045
243.19893
8.188938
75.9959
332.92545
1731.1547
83.83672
17.392267
44.525387
29.757265
24.111542
88.75141
267.5269
62.4479
341.0309
34.11964
1036.3868
1077.3445
389.00253
17.40172
200.73885
27.559233
16.807425
25.272114
2082.813
19.421331
584.503
42.091366
629.3439
10.503513
11.523187
15.432386
712.34033
345.10434
85.89814
77.6808
18.444872
7.5588236
131.53029
256.98273
37.781784
331.9933
1053.9015
13.202153
20.368391
24.059875
26.39291
45.798233
46.060165
45.418407
1026.2692
60.650322
227.9224
102.29717
788.8311
25.868862
58.98532
417.42575
13.359732
25.231997
39.805412
67.592476
25.165682
34.460995
4621.6855
150.06812
16.2608
166.82649
2228.7126
128.88846
38.67463
1782.352
197.82185
35.90512
793.5561
10.845351
14.402445
30.002384
56.29643
1954.3857
58.19194
106.18751
9.842599
638.79724
47.91362
26.012026
272.883
92.799286
106.25836
637.8165
44.647263
57.948246
4.421831
85.45072
13.55617
44.01599
22.147068
525.666
266.01645
1771.7272
197.39282
4627.8647
38.73715
57.349457
434.81564
46.346073
25.301046
26.100775
40.120243
14.264134
708.64185
24.011585
1218.6062
78.91991
91.7684
159.55157
1267.4442
704.783
23.489231
39.977455
771.60614
15.957606
345.40067
184.2982
578.6687
65.11014
584.7282
737.72876
21.761242
63.647457
321.81528
1313.9846
107.21853
57.746662
35.08419
33.93417
28.7937
44.009182
262.9668
150.32918
336.87927
163.16078
92.21812
49.894257
23.064838
34.56178
2059.4116
975.0355
49.714565
101.075485
27.241001
124.0651
1562.6821
30.464195
161.69656
19.61168
18.564137
13.019922
116.469215
323.7023
647.5
280.1836
24.060444
48.28544
48.53774
122.32881
20.316742
45.806347
29.870733
387.77853
10.598614
180.01666
69.66295
19.255028
1603.8193
129.6118
45.224148
12.699615
215.4987
59.78484
193.18532
15.04686
13.152517
8.348557
15.967719
10.822384
81.3515
69.3814
53.707603
28.47062
4.6742153
135.6063
1033.8938
1693.1027
81.67622
246.65681
8246.34
37.217827
200.89282
314.00464
320.84036
98.28187
132.17561
121.70603
144.48256
1236.5204
31.235968
7.4091916
43.61466
1799.7814
1146.9738
3146.7932
378.0528
405.05334
5.149053
46.27007
339.49506
3738.9768
3765.489
429.98334
73.07318
8.251024
8.572426
872.47925
215.41116
134.47594
403.48096
38.235237
18.66818
113.21326
3247.6616
24.390863
400.30414
1054.4911
61.617737
15.912187
129.86533
13.592489
90.11238
3824.9436
10.808197
92.93275
75.14126
74.2265
26.589653
43.395103
129.63232
60.410988
156.54445
352.02118
222.61496
189.23706
165.31102
42.550125
23.13278
5.784437
8.647452
56.50903
1332.736
90.87273
45.44211
30.821592
72.06516
417.33344
7925.1196
28.615154
47.509014
13.262781
7.286272
254.14227
31.262985
532.2658
382.2455
97.2862
25.99439
9.62443
92.395454
205.17162
53.53074
314.07938
30.53417
24.31704
17.698898
466.0864
39.553474
56.243996
53.91395
44.30667
138.90877
12.935829
293.6229
61.551254
50.21267
557.0892
29.541895
565.33966
14.835517
1318.8477
15.886244
9.098735
4.9697795
204.36414
29.666542
672.0736
193.42589
218.17133
379.22543
144.97379
662.5545
230.69342
9.882311
60.836388
37.849674
370.27347
7.480071
