349.853
28.056316
615.04456
61.939243
120.43033
20.397455
74.212425
32.591103
141.63046
10.908743
99.71003
77.40678
50548.305
66.74931
80.58048
34.659847
107.30603
24.381817
48.327938
426.70187
24.398384
322.87387
20.206886
117.089096
141.0284
23.070276
29.74498
89.29412
71.934425
28.786352
16.469687
123.12141
35.419
7.8997235
98.07794
43.82324
17.064636
147.44095
445.05502
393.7055
647.10364
1032.1259
43.67296
1044.0125
311.83096
31.483778
901.98535
248.65668
77.6574
18.254482
138.82475
22.066196
4396.806
52.68203
11.778724
41.501724
750.43335
22.19426
106.5502
941.2331
34.42196
571.44556
106.45879
52.68674
264.52206
36.111107
114.500275
168.46501
514.165
56.67977
222.9581
6.9769807
35.163338
112.18262
69.99582
1520.9622
25.44237
346.4775
97.79788
16.370192
14.80243
8.304953
14.521053
23.859552
2172.411
1063.9841
21.308344
372.93884
51.69249
358.6769
506.9847
68.04626
11.560853
15.663407
319.69345
45.42058
99.662834
16.59808
24.849342
43.85179
8.669843
615.6276
1261.32
73.63093
195.31252
20.51998
249.92708
9.814854
173.32088
179.1247
51.83911
15.172857
718.72845
46.548317
515.4997
190.06741
912.87494
9.580507
294.64102
29.435646
27.404705
18.399574
15.543722
853.4061
48.80355
210.83115
73.217995
605.5225
191.92091
159.00223
73.16589
22.973919
762.23456
127.06926
686.9273
153.8339
19.12802
18.164656
21.647163
79.39471
196.23447
34.587746
23.971788
258.77112
164.6875
159.92847
601.2668
24.000063
9.176823
55.018993
554.0902
1101.7299
234.41023
147.9543
358.83463
51.301907
10.692189
42.931686
59.692375
25.002659
237.91258
787.63586
137.25175
677.9933
85.977104
36.145382
48.745453
3750.3687
769.3885
5543.13
375.02936
17.592978
45.388638
7.5160623
528.2133
245.06548
4063.1326
30.932098
46.72992
7.67233
36.596607
18.53904
178.94977
12.060085
688.68
33.24695
31.790445
482.02325
34.883263
388.1528
27.72918
23.522818
16.10841
88.990845
310.26694
281.73203
7.925191
24.675638
61.631577
2374.4702
381.19797
63.32889
15.564326
13.997748
951.1005
52.95782
31.3725
117.489716
2018.749
443.15106
21.610716
45.52677
77.321304
108.496506
35.396053
68.6282
117.77684
785.5385
48.5326
31.580593
200.23961
72.64364
251415.97
52.463043
95.3816
255.06557
209.91217
25.500753
58.811253
15.867718
212.84622
56.035915
73.808586
20.995815
80.051865
9.482978
13.692487
55.840187
491.4267
129.3282
22.818272
8.618981
48.28376
40.127808
8.970247
36.24156
21.077269
544.5188
231.03876
22.745667
50.535427
703.4732
939.3374
629.766
32.7979
49.77461
185.26389
53371.375
946.66907
14.736335
1068.3098
73.475204
41.300438
44.273834
30.295755
23.605337
43.224514
9.457281
239.82759
22.613703
226.21402
847.7697
59.19501
1865.8298
61.18191
56.713997
40.960705
29.675045
28.682953
565.3359
8.043957
85.65535
236.00383
2623.457
394.7437
328.61694
11.001758
28.324633
17.046024
76.91757
78.37848
40.988113
193.40173
1044.0393
26.607224
17.56527
526.0339
19.992378
72.57121
37.701035
72.13045
62.60061
43.90294
232.7851
20.763025
29.447706
161.04988
57.36064
8.902609
351.4781
114.94573
178.74773
267.14127
12.100275
7.1900907
1221.1459
137.0628
17.355629
1393.5393
49.93548
29.635275
196.47482
21.655159
122.81714
37.621082
25.290436
168.62535
43.58559
84.6863
13.653732
29.704937
23.131306
11.518578
7.688785
61.986576
452.95258
262.96338
585.4969
66.5213
101.49247
269.87363
14.575535
1147.2145
84.58287
107.165115
64.763054
462.2452
30.72555
66.146355
152.37183
19.142975
96.25683
81.28466
231.32072
6.143537
515.4154
282.5988
268.59918
38.81912
36.93039
14.077842
408.96573
72.83938
6.7740355
772.2517
97.64369
10.756193
26.759487
5.2792773
199.98294
456.24686
20.52935
12.874173
68.03613
9.888913
60.159542
25.70915
32.874664
1805.1667
541.0031
106.60494
87.1759
14.241034
932.6516
2237.4368
24.205559
160.26474
720.9431
244.9615
17.647238
36.801785
216.60959
56.00811
9.732954
129.87498
874.67285
33.41741
192.39418
22.91091
22.316395
657.6553
47.877853
1252.198
78.96349
141.5483
264.29022
16.987667
42.895798
204.32446
769.38007
8.293638
288.19687
84.813965
66.08702
88.96789
55.196
926.8815
84.44557
13.958769
42.547153
4.4711194
25.236443
10.116932
102.688
477.00327
59.221184
28.752626
811.55194
50.983078
790.87286
7.821312
71.20232
114.783005
357.36713
20.38818
34.283466
7.6869426
494.24603
58.63381
459.418
9.274099
758.8329
18.604246
12.402175
1099.1743
158.75548
23.082418
79.47659
28.46481
227.33029
726.12787
206.11308
791.58777
44.06875
591.1527
60.506065
41.773937
23.851528
85.45537
77.10103
10.295181
16.583643
15.508017
29.78075
33.123497
116.27617
916.90936
47.900448
1008.0229
37.82201
77.66714
16.331055
71.19593
36.18879
35.803726
13.739515
7392.401
60.522686
257.49963
51.794216
809.90393
46.556507
34.161705
771.0592
18.638887
43.01962
1688.6633
267.8165
656.6791
11.767057
25.7586
52.400013
11.011142
556.98395
199.28015
18.635412
104.11906
20.085812
126.31279
152.53554
121.47614
2443.1316
27.745075
9.193694
61.830647
82.27106
3177.2134
57.20045
9.786333
36.736317
111.78081
24.491623
461.1086
6.407757
13.541434
1858.2394
383.49353
1253.1632
1087.553
13.796046
8.013107
295.7371
65.19896
147.45065
135.84938
94.15932
160.0145
20.404371
55.429073
36.950058
463.4573
81.82747
1185.8851
223.86105
47.7204
14.072546
3610.6968
789.1344
577.9642
3875.0278
22.779358
40.318817
311.84952
477.9279
12.193859
178.30695
497.52
238.62404
889.1428
698.66406
32.48513
22.289356
1867.554
24.40241
18.249125
33.696022
18.457153
218.25299
1607.7734
29.328228
66.08853
32.73528
248.06503
53.914932
116.2566
21.993681
9.673202
50.54502
35.207798
31.020582
33.751163
725.7253
37.98767
1367.1315
33.01494
52.14232
115.134766
1609.5261
25.59914
201.32993
86.21929
28.54876
17.295895
39.49481
29.862864
111.90325
73.42025
270.4019
15.374142
11.814081
1432.1819
33.100193
195.73123
62.578968
11.828291
3.9278615
23.594782
202.95262
88.247635
1902.8887
32.29079
445.20126
109.85833
29.345346
21.978008
2003.5424
11.698457
2800.6687
78.19855
74.08029
11.945134
164.7116
578.0176
1327.7997
20.763025
57.320774
444.97186
152.98578
12.394227
131.37001
16.01282
16.094563
422.33456
1091.7736
230.40176
49.004715
92.35175
161.86998
93.54691
148.17656
46.412003
16.720543
37.27176
31.398396
94.59787
329.7784
34.273422
10.72276
18.997509
1091.9349
117.69139
20.57338
632.11743
89.61361
221.87474
84.46985
125.47842
2549.7556
209.66188
39.61529
30.228174
1644.4032
113.71063
758.6578
9.344231
347.06848
442.10693
24.852827
138.72185
36.043957
51.657143
52.56164
88.917244
9.85839
25.939346
149.18591
100.750206
206.6033
16.614555
55.691013
42.51207
12.350678
13.111575
395.74692
23.329113
84.23355
24.334684
30.475746
36.174072
66.90855
99.83982
51.432888
75.698395
577.9506
9.31089
1829.9108
426.9003
13.232563
58.125412
229.69695
59.708344
581.52136
30.095747
82.99543
1329.4519
100.98872
83.28205
52.29368
105.530685
224.76443
15.557563
50.510376
11101.447
615.3306
483.4986
29.672377
37.21136
53.649746
1377.0775
277.41708
94.20701
47.04467
51.97378
190.72308
1131.2013
12.1581
2559.9
17.083385
462.59402
40.69886
5.39663
39.50703
745.0505
232.81284
45.071915
49.522503
87.718636
846.01587
408.46036
204.99268
115.69733
73.34681
4.2277646
885.85974
19.149511
24.693619
211.94394
84.87833
43.354874
204.19698
941.25464
84.46127
629.50323
8.718331
5.825488
15.618427
10.505557
1694.2019
614.9586
14.391169
108.63116
933.4271
224.05959
23.651812
51.964043
23.692024
5468.2153
97.07036
22.717318
28.848368
54.235916
31.325844
1923.9243
67.45464
748.1862
43.769722
34.2396
82.275955
101.0724
23.168472
15.255426
28.762268
46.278732
894.1437
29.51517
20.74813
35.602745
60.91401
31.659788
36.726585
23.776543
17.56094
189.33264
30.704607
137.18521
63.8704
2146.1812
59.370415
182.47742
14.1431875
19.575657
50.996147
42.441494
18.522238
48.116093
36.84163
25.425488
712.3162
110.55868
63.056824
144.2265
33.3727
35.32943
73.31415
50.82621
483.97003
35.690163
56.508488
482.61017
47.805183
650.2255
1316.6892
446.63504
16.8859
424.65424
32.41828
407.73337
994.85205
2460.5938
103.53663
20.318117
56.19695
259.85266
7.822274
3676.6484
5.6922874
82.845894
18.912867
550.7837
76.53281
120.79577
75.3683
335.43054
34.289165
559.6099
412.81036
1335.2988
51.79423
12.117887
187.55975
231.36993
1990.7727
173.81581
1100.538
75.78825
9.632696
7.7679267
26.836945
30.976538
3765.0007
1607.3105
259.26318
341.1249
174.02347
29.165106
284.07468
45.618202
683.77435
54.926937
66.86163
376.16
18.666391
23.48586
45.66019
200.2653
300.56918
73.6158
162.40591
462.81863
117.63524
26.020363
19.728945
442.86945
190.97871
42.340393
20.315947
1255.1384
181.46074
615.8346
237.68863
710.23615
51.64042
76.44133
72.50428
1584.585
25.428555
61.663822
16.232918
87.83244
12.08347
48.122715
58.512203
38.74178
209.84442
4.090336
302.71
28.566162
146.97017
33.986977
1072.602
329.64197
144.84624
83.84188
28.830805
55.439785
356.9955
10.460018
15.326024
2199.394
1125.9532
249.4852
26.557125
267.42447
33.09283
114.10909
233.58936
57.621372
27.858316
11.031924
7.6523476
194.41531
47.346897
63.290638
1032.1942
782.8917
6.83781
33.177647
15.872178
25.37005
12.9100065
310.11826
97.53624
68.60068
52.268772
41.305134
77.61786
248.02577
17.214758
27.385012
214.51007
159.8244
55.15777
22.562088
45.92532
554.9763
32.833233
135.0268
10.104409
203.88933
50.68276
52.156403
18672.594
28.57143
48.631367
14.219805
86.00774
193.13557
95.62085
90.84752
18.340425
36.127056
758.5507
92.935455
45.003284
25.98064
72.52419
241.67807
68.64826
305.2569
67.863144
7.0812993
91.43086
14.494765
622.14087
324.43463
46.858288
138.35515
1331.1564
465.1845
1405.976
2019.3141
61.64842
78.205215
154.88939
43.53412
112.8296
114.6877
19.32934
75.75414
27.42921
1334.4956
352.31775
13.077893
146.77162
2420.4712
110.01207
735.64746
84.68073
299.8088
30.492636
535.5423
352.74692
246.87616
142.17673
83.50235
105.5932
427.87973
82.25933
157.86525
17.035023
41.298836
229.94727
22.658712
278.95462
1413.312
713.53394
513.57227
44.46682
6.9250755
21.877016
446.2244
246.5155
29.670504
192.70424
52.109024
43.990185
70.16055
1120.5677
21.571033
173.58066
33.76408
185.47568
1275.9117
7.577654
8504.188
28.63991
99.16707
31.40604
521.7718
1720.2097
153.79561
532.4052
13.958769
76.0679
31.814905
303.85287
18.276882
445.2694
46.33864
30.229887
93.23253
630.04407
91.15835
471.95413
11.283325
580.26166
384.33875
54.08775
28.857433
49.445663
104.93357
142.0954
13.180251
15.589053
50.046238
1222.4991
71.678825
7.525842
74.97834
70.75495
834.26935
45.79844
10.727632
13.148662
776.2482
3912.0552
20.950397
200.0394
1397.5967
38.311733
49.27703
827.4806
47.02443
262.5051
645.03
130.66501
129.32222
9.337184
63.574146
69.56373
312.1916
95.35944
746.66016
19.66471
1558.9615
22.246267
4.7832365
18.16943
6.3251224
453.20795
142.287
437.2578
7.2726545
994.9574
410.76614
28.342257
18.096573
66.78729
807.91864
5.3720393
22.507181
19.03736
141.94261
15.716632
161.30127
78.1881
300.05066
23.048199
44.765675
24.108587
1034.8467
107.804695
19.55478
513.8128
506.75
520.739
12.702997
306.59094
59.648216
2427.5115
61.958828
140.55342
828.66364
95.19267
59.227085
13.842895
362.12112
20.759314
144.58684
125.24457
34.654327
40.85795
51.519806
96.39821
1127.5302
9.656882
22.989864
21.241562
227.35143
30.65554
796.6806
42.150948
99.42171
2091.5305
62.75991
487.95245
45.425686
17.016655
484.9405
310.25983
195.51547
309.82324
1411.03
492.54364
571.8638
362.90158
17.607157
363.09476
194.5804
1413.242
166.89874
370.0267
81.7956
87.95952
604.68286
79.72942
135.01978
30.536695
171.57115
14.937905
106.18006
16811.033
10.921736
143.20187
921.68524
83.93048
48.950836
32.334553
458.77094
287.24786
140.27396
260.7706
23.106062
27.768442
193.62152
1229.8569
84.87141
60.58286
781.27734
307.80942
81.56534
422.7313
451.9526
48.599422
1526.4753
30.19034
409.2566
33.77872
92.563774
1563.9755
1450.7885
31.494093
752.12994
54.580185
18.107906
592.14435
26.002
54.827106
8.674766
47.11387
278.50833
72.70959
451.92654
177.54616
173.04655
56.936703
552.6216
695.00635
28.676464
20.022898
379.41736
41.669052
96.75751
1340.2477
272.54337
258.51855
30.482323
660.1978
42.61193
635.82544
264.92728
133.11366
30.34649
99.491806
233.98486
29.432825
31.550669
29.521286
34.151573
16.010319
304.74017
21.08693
29.980566
372.91483
98.7709
6.4341745
252.17908
12.930961
9.217817
91.3556
48.80018
7.666204
18.96917
863.29333
11.081166
3644.7988
218.30284
113.14747
72.42722
6.5252934
22.31657
75.2942
5.6206093
563.50867
10.497773
496.21857
47.082172
6.7442417
9.88619
1150.7505
91.774704
78.20418
12.118028
421.75943
341.70987
70.48563
8.878621
17.439907
36.724815
706.59265
148.35692
1891.5045
78.369774
500.37378
99.12292
118.537056
2352.963
670.6986
45.167244
1890.8336
28.464037
28.040768
176.16978
340.8363
577.2987
13.738706
27.639431
356.08255
226.77315
158.61232
140.09921
29.422253
4.492705
18.31427
767.6211
17.42766
125.475845
40.528545
125.19602
9.419171
2668.5417
112.173904
499.92447
158.18881
23.583033
1305.5739
16.822823
10.604424
1827.1721
82.63289
479.19504
765.3547
88.761955
41.907402
193.81468
6.103307
34.611446
255.06079
37.31925
27.48891
11.517372
357.6068
54.917377
148.0879
29.51467
622.51624
97.08184
85.222115
28.119793
17.161451
325.8192
611.63763
149.12929
1584.8313
69.1201
73.951546
31.99189
48.67943
11.613764
73.95496
118.55662
34.035427
12.499541
870.4797
7.978554
1932.5664
79.667595
20.210985
285.16882
16.694786
255.53485
19.261343
595.4029
82.899956
22.995258
37.759144
18.20725
219.73277
1622.5188
9.659187
637.3881
47.894054
201.12947
736.64996
59.327396
47.761597
8.126146
196.95648
150.14699
49.31049
9.974697
27.57446
5472.5664
101.35246
35.341225
43.135017
43.50878
238.21988
632.22534
8.214078
98.20959
17.631207
652.6895
446.8406
50.49064
40.358635
29.790785
907.9113
15.561939
487.74844
42.11842
866.3433
49.439617
1265.0496
16.841139
13.224217
24.834724
192.17073
446.3144
54.01097
62.42194
734.19666
282.33142
28.895279
330.4821
131.2359
49.164024
564.1238
84.736275
61.36039
80.76486
202.39055
1743.6603
133.50421
86.80821
160.82887
81.90402
236.1138
15.231283
18.964924
69.29124
19.153946
63.09547
69.10336
19.137741
51.715878
95.019295
10.255697
564.01404
74.65583
64.281746
688.92303
29.613464
23.48586
41.740364
16.587004
13.367827
81.98612
156.96115
415.15253
20.188957
17.42766
38.767204
8.936323
57.437935
875.16473
858.4401
19.898548
310.04257
9.761146
20.769432
128.71133
595.2459
222.40776
49.688625
16.689838
477.16138
1546.5626
196.81004
17.705496
32.91303
101.70039
22.795052
53.179783
67.27752
84.46196
7.0074906
42.396793
73.96978
385.40482
56.002956
42.62063
48.375122
15.425735
407.2979
22.2695
28.566315
175.7268
155.08539
42.661926
247.23534
12.362312
18.498724
5.3531184
435.62082
86.50372
34.162567
522.9686
87.727585
6.935683
9.174519
37.035362
56.642838
5.200556
123.043526
10.945238
15.806805
75.767365
197.8209
413.3566
542.7563
19.291147
673.7444
34.694283
126.040245
426.5434
33.989975
54.27093
237.83171
83.63956
11.02915
24.03638
35.362694
4.7888184
85.514885
49.810665
1110.5906
685.82135
173.81647
32.25787
1316.6892
564.1241
104.95534
66.94502
31.841389
34.44911
11.73963
272.42407
21.978033
79.80705
31.044716
44.057255
20.618965
1204.9031
29.818129
596.17566
70.83718
44.07439
726.2456
257.37527
332.9672
66.022354
39.25949
15.080719
21.781342
88.80356
2611.5037
401.96808
79.43628
20.26979
42.00401
35.278313
6221.928
12.355213
11.581867
492.70618
37.075623
246.64919
109.87153
52.30601
141.23479
513.76135
52.24975
40.867516
31.5817
486.67996
83.68527
4231.8125
35.769478
47.335316
7.4812303
192.16634
162.20447
597.5534
295.8255
77.912766
5.865542
169.3949
28.7735
147.84795
44.438343
823.6582
93.816284
74.9163
9.007588
50.279144
28.514387
16.406616
770.0312
33.07443
35.755657
8.490402
166.38287
154.70612
30.186375
2334.545
90.29713
175853.73
43.23017
71.29945
22.717896
104.00612
8.244041
90.38987
45.003597
1340.5659
14.632606
1593.526
84.80046
9.220653
24.324236
58.495518
222.11195
11.611335
7.0650444
40.0406
52.648266
40.669823
1195.8593
113.310524
250.41484
28.8255
1138.0546
333.69452
70.13173
40.118107
283.0835
191.67307
423.64902
36.762302
111.11435
23.661716
100.660645
237.14828
22.969604
304.9527
8.067645
31.730988
1734.1661
587.9098
139.33759
225.95197
423.71246
36.48431
365.19388
48.71454
26.285042
15.453885
82.90825
7.4016485
8.395836
69.03054
53.15546
18.259504
497.05237
61.201984
176.09293
42.002235
538.26886
103.09266
23.214499
47.35316
20.421417
97.0066
148.52728
374.47772
55.91503
14.875972
383.08337
64.97671
22.97437
316.06567
44.14837
58.446503
146.58481
23.197004
108.42575
17.217516
670.4291
451.2575
284.84784
394.27002
583.60205
666.1897
40.111633
70.380035
11.571445
37.36436
252.79947
451.74515
2387.6155
68.942055
143.71233
222.22054
28.770105
27.964796
150.9272
59.133114
32.81956
39.616154
97.78893
302.24988
1158.0253
21.174246
12.262669
844.2532
139.56174
106.554214
163.84984
344.0618
326.22992
157.44418
17.714073
27.575552
22.892532
117.0963
35.720383
1104.6536
131.73654
35.021374
45.184788
1440.0681
33.657997
3247.7917
9.701361
24.913422
404.36633
75.5566
26.287624
282.99512
390.3188
347.09018
5.5944576
554.1536
5.865542
38.972584
114.22064
782.7704
44.12897
27.76702
47.0592
41.27317
217.1871
103.66403
14.920799
7815.009
254.38426
5.7175946
504.6389
54.425945
48.195587
194.25546
7.8608418
11.511418
263.9653
44.75437
3248.3804
72.0676
1542.3721
120.26741
17.382662
2025.3962
212.11208
7.9381504
13.300409
485.25626
1882.6932
44.508896
831.8248
143.99026
21.626682
14.886173
65.81214
31.7366
54.89829
295.69675
3.8650882
68.25228
1070.6056
742.04565
1550.851
54.019897
78.565125
18.849474
27.017605
24.181263
7.7679286
222.88847
90.69654
78.66457
94.25545
440.38373
19.937965
1323.1403
992.7542
70.840195
68.53793
34.76817
92.3858
175.99077
60.735233
14.080309
27.111118
35.44986
117.39345
58.7234
1378.3245
68.52725
14.080027
900.9761
766.6126
75.66844
26.736708
52.25529
175.88548
131.0843
164.92317
1176.4866
604.45593
525.72845
82.04501
261.60593
60.109535
122.40928
13.273469
455.01712
38.111824
42.88792
185.67752
68.3654
420.4001
111.33614
27.355654
1480.0659
66.49713
2789.0796
1215.1647
21.126135
971.9338
13.168379
15.688676
767.7419
11.322573
359.87216
16.927624
5.4314365
24.2217
18.119524
3.9278615
72.19548
105.35808
1127.3544
37.508793
32.615555
21.392572
100.354965
1347.7869
377.65515
2564.5037
350.00296
22.61952
64.00073
74.53379
39.669052
77.21486
59.690155
2028.4338
22.145443
9.533103
58.38375
67.19492
174.30234
73.2546
44.797714
605.51324
122.453476
26.290958
16.41093
354.2148
77.65429
3377.4749
38.12033
341.11465
466.50797
5.9903393
113.53627
1303.9873
90.36764
53.653187
840.6603
51.64164
66.22342
738.9508
94.12318
58.252716
25.964645
146.40117
266.08444
22.609087
25.444294
329.19128
1449.7283
1251.5837
126.11749
20.597887
58.395054
221.86374
63.171547
1628.8917
279.06238
32.574238
57.64363
424.30426
307.87485
75.84219
586.1902
5.8458934
70.25221
64.90855
131.53557
53.905396
34.327797
167.31396
47.367615
49.8724
35.41627
593.1835
6.487479
31.156666
58.888954
24.679787
116.429016
153.93515
81.84843
17.971626
127.776924
22.497969
25.280045
524.9331
96.516136
314.74066
37.45123
129.73051
58.86554
26.221317
93.55499
334.44354
74.199615
103.82045
238.36316
31.024569
4.113335
48.97187
11897.763
8831.335
1417.0817
723.70404
518.905
36.56622
831.7578
404.20535
162.64546
74.011024
61.293278
14208.815
1463.2552
1147.7386
11.8229065
94.11402
38.775005
841.3569
39.21618
988.38654
23.302725
9.953071
31.532364
12.034032
27.59912
357.68408
11.548768
24.025625
9.978182
7.4221935
9.318108
81.73201
37.017654
503.18298
13.735509
24.716661
26.317518
69.00731
389.16434
11.495198
1336.8948
76.03904
24.044847
17.600647
54.190086
35.381786
74.86105
1869.0115
67.54833
44.18384
16.230003
24.823063
13.506591
40.01701
61.61042
230.62193
154.61783
123.931244
2157.9062
24.15981
2952.728
39.302822
309.6506
41.653736
824.67566
364.3058
152.80745
36.306477
119.78293
14.528543
79.266045
70.46381
566.3873
32.68791
841.69354
239.88376
4215.4346
12.16982
14.691056
35.604958
13.7465925
15.857745
50.924973
130.69566
29.200264
507.58167
32.770664
13.580125
20.827023
38.92043
38.954098
35.312122
45.24987
23.765593
4.5741596
64.060486
410.12125
606.2514
59.64702
24.455044
191.92503
492.63147
29.781021
73.317924
9.359476
13.061429
123.473755
51.76961
33.791027
36.201977
440.42468
226.1984
99.99633
38.579292
474.54608
97.7211
45.122887
36.69147
20.218954
12.699896
34.569897
23.106018
86.69404
67.49238
873.4
42.28841
401.3705
31.036049
666.3587
17.061932
15.1841345
129.33986
239.3762
51.970165
65.96011
46.89752
32.906124
30.947346
33.32272
59.52113
19.612549
28.835438
59.57181
9.667089
32.81248
779.43506
219.68187
27.247145
14.266552
2123.9648
740.1932
39.970345
742.8738
42.175972
25.929222
29.009583
54.499374
108.04394
3363.6753
476.56744
215.46066
54.22946
55.405773
52.34531
1072.5223
145.66284
26.185408
29.846125
9.759586
111.44307
29.820013
77.44263
45.588528
76.368866
18.416033
37.828213
16.20789
55.34826
264.31076
715.0888
176.08597
76.6757
12.541844
421.37747
1044.5985
209.52116
36.07624
60.013252
23.379759
1708.238
1025.5579
354.6583
4426.421
248.59813
250.30049
13.754946
923.47046
166.01927
15.768593
202.5515
47.854084
124937.516
36.135464
17.83569
125.26081
12.385494
32.18786
52.329536
196.66153
26.996866
400.25894
95.625374
8.896021
4482.9653
40.37406
59.209602
103.165
104.457306
144.91435
385.7639
243.99054
157.71875
17.020708
753.9012
47.19333
63.89142
5.3957477
519.5299
35.07767
48.4249
28.26791
33.1496
17.08376
4.9005847
53.284985
165.82362
6.493755
665.1398
285.9256
70.27091
28.110662
267.90527
911.62604
824.4896
48.199013
1260.7625
8.420939
93.394844
252.4789
36.560207
19.641205
63.632923
120.90981
67.4013
46.814507
16.118729
62.587357
1081.0135
108.188866
38.734165
39.52952
265.95898
8.067645
202.47424
30.140572
1815.892
19.857565
51.90028
1411.2083
32.460133
49.822887
110.02555
38.95863
9.176823
273.3022
34.45034
52.94184
13.3216715
25.067026
31.187271
123.97971
35.817875
1117.3871
23.099579
23.76096
639.5488
39.454903
759.69745
13.45641
36.220875
10.31961
39.066677
4527.6455
26.07354
4119.737
9.870369
838.5984
11.723929
135.74895
131.00983
74.54264
10.2146
40.456635
215.76161
118.002884
504.1218
32.88912
50.762257
5.6922884
45.22443
149.67728
14.758388
547.6001
76.53007
12.628306
626.8673
8.991834
41.70424
694.83734
107.968544
24.821766
600.97815
967.5723
794.9373
69209.71
61.578846
52.075527
29.482895
88.56629
35.817123
85.33411
49.50281
25.426584
133.69873
12.57469
28.609001
1523.5579
8.893024
101.514984
13.05631
94.55575
6.8703413
445.2894
1069.0095
179.53276
177.8819
789.3993
83.31474
56.409016
57.286346
223.37206
60.759968
7.9842625
274.721
90.182106
5.1525974
276.48105
173.25247
30.194868
11.088326
72.3566
257.3414
462.4209
22.045105
44.523956
45.23796
71.70887
30.594587
467.4309
74.771935
163.45444
237.5862
4640.3535
39.44465
49.214287
68.576775
37.929443
3901.0273
40.53864
774.88135
41.99036
346.38055
391.81186
11.8028145
95.70319
41.13155
97.28371
298.80264
48.06027
26.990385
7.626559
25.90592
166.69934
73.495
369.98367
5.091965
32.398525
304.35593
82.503075
1174.1227
175.04648
102.17963
499.8675
47.36223
1134.5381
57.90786
51.135475
23.920475
27.0706
132.78192
81.65913
145.10112
6.3547354
31.49368
58.361202
6843.011
15.499352
762.04596
754.2759
29.853184
107.569725
4.6264067
61.605103
17.985523
7.837842
80.5849
22.998505
49.513496
12.332494
789.0768
34.030914
67.95009
1390.128
774.40564
35.121346
769.0136
298.61792
22.877348
584.566
355.91974
35.866776
912.6517
21.156485
14.32907
51.083237
401.09137
2729.5667
79.99371
2590.3755
185.0003
31.300722
83.112976
386.03436
1396.0668
117.78049
608.7702
33.094646
46.501686
438.62164
313.39658
172.91862
36.623657
282.39917
369.72086
629.72394
45.141212
1753.9847
572.8307
2244.227
65.49807
23.947489
301.5773
789.12195
5.176035
272.7827
76.66506
539.5633
44.912605
56.36156
614.1153
35.722992
39.527645
437.24094
161.75903
48.080498
167.20407
47.46943
1527.9696
5.5686455
2092.7444
30.76609
289.9448
423.63632
130.46298
4500.1763
729.7235
109.2115
51.08884
15.818428
19.986158
64.37101
809.4464
33.74211
358.97186
946.9616
42.749775
129.41179
21.74133
245.42917
15.0012665
98.6085
1145.1819
166.63496
16.868162
75.543915
27.248295
19.372002
721.3915
4676.7397
161.77068
272.71988
8.41917
5.353977
268.25232
34.423065
57.604477
53.371708
14.459493
104.44739
385.2031
64.16577
715.44385
511.81815
15.7303
14.319535
405.25543
84.71671
48.45889
306.35944
4.090335
436.80975
151.5971
12.612363
39.97769
19.733372
44.24897
1191.0841
331.467
141.71451
241.35803
266.29007
781.8274
50.700195
85.57256
20.221878
10.736374
118.840126
30.810602
44.646786
6.839459
412.0862
63.614597
18.17958
686.4938
29.078127
45.255135
146.68906
33.02689
453.7027
337.9822
508.80273
232.08672
14.822174
94.475655
240.88707
620.5208
810.09436
741.79376
83.63756
150.48997
334.8567
231.14102
57.79669
7.944582
25.186121
51.655014
269.3902
48.02585
23.180021
27.308031
25.892885
10.197908
67.17032
12.005967
74.079414
34.890675
490.2443
30.911728
117.58067
47.55913
66.91438
31.046743
170.66919
8.067645
19.655315
7254.7095
23.023165
95.67439
462.27432
348.7465
3147.3965
93.097786
283.09415
182.42844
71.58898
162.68315
582.92755
10.776196
504.58954
1199.9817
192.43822
950.07336
1826.004
32.59225
3190.5005
122.78453
547.615
170.01135
62.730053
18.039392
341.27768
298.51367
499.87845
68.62365
438.02057
214.79913
2579.3071
284.9383
31.243753
146.99603
24264.77
20.336214
27.244638
10.105491
17.973015
15.858434
479.5436
162.34096
416.96762
269.95123
405.91937
14.427582
904.9618
5.6922884
1086.3624
10.106765
31.715595
90.493805
5.4060564
25.602179
528.2126
315.1457
377.25775
18.786366
105.182495
113.660545
23.168728
70.25942
49.63501
73.06691
30.149101
43.92397
31.930168
53.184948
742.0697
80.89359
110.512764
1005.24176
24.230415
265.85892
15.000826
504.4837
33.326374
6.849909
27.116348
112.97102
25.667986
23.711315
520.34064
826.3592
1875.9563
54.394978
110.69082
11.16258
33.44767
69.487114
30.46662
1991.1829
445.48242
318.84854
64.120995
238.31145
30.631248
50.259514
85.67001
118.15237
37.074253
59.203026
403.40167
1120.0521
86.574036
953.89514
22.729187
4231.8125
550.9411
10.762677
13.304256
584.41486
566.497
27.376982
62.318176
120.08225
58.246105
34.37384
76.35619
337.01245
492.15884
167.66664
120.60278
316.2155
1157.323
8.704868
17.244507
48.43437
23.718933
4609.545
56.704315
351.5044
1457.4185
25.821
499.8563
1370.6882
2114.0325
23.842579
536.05225
1852.8925
165.80489
99.32002
485.72293
190.76256
70.16896
26.641768
1157.7618
15.969345
30.364191
188.61708
93.449196
90.46723
71.21651
324.5875
55.736946
381.0693
140.09674
30.019564
696.39166
591.70886
77.02371
25.976397
30.597265
77.1718
1228.7572
185.44606
56.74427
43.000416
107.059135
55.604267
20.411312
21.094528
1770.913
70.65657
25.779211
1837.0035
759.49713
43.96589
17.646439
31.487772
25.07173
1024.9233
51.796673
35.30381
281.18073
280.27728
106.00669
1096.2755
50.53508
984.4885
92.40448
276.39197
593.8449
50.986153
272.37704
24.806934
230.66008
12.495691
45.52995
142.3132
13.359601
42.139503
24.154522
37.332508
62.655975
35.416912
70.50529
507.086
65.39861
78.93342
736.04675
54.61773
60.91828
3571.29
537.58887
18.814718
877.3947
198.49603
1816.1249
19.276144
2164.158
252.7932
120.542534
2360.3638
672.61993
378.17142
175.88054
610.768
10.693589
370.92856
195.74458
755.806
136.32822
98.62105
181.29987
120.65036
35.182346
91.75738
14.591355
235.77551
621.11914
11.355244
8.856861
31.611326
48.93396
57.673244
30.261965
33.302204
1135.3466
80.04053
23.379366
35.021374
18.68711
10.511716
14.832744
30.871544
63.36843
103.38266
105.737564
929.52734
24.696491
781.5623
216.50374
1641.8176
24.191378
34.626263
31.018908
475.03577
98.14354
26.233837
6.247974
996.02783
371.45776
911.62305
146.30269
23.338953
20.924484
41.43974
540.555
57.148567
15.568242
24.93969
18.287378
24.539621
353.86624
210.32648
23.64273
36.483166
14.891057
30.19052
650.87195
92.828
70.759705
69.12356
460.94284
5.8458934
125.56173
104.66087
32.979843
288.5028
73.917175
7.2524247
10.741462
84.79816
20.556955
86.82903
55.23568
23.675407
39.391006
75.33158
226.87675
122.46994
4771.9097
295.2511
30.352509
25.2219
375.7185
44.198982
64.76293
1817.0647
1122.8468
158.6982
1150.2804
48.174614
24.916815
40.089767
622.06287
943.8943
373.65118
20.997734
1734.9999
374.02676
146.81012
165.75185
139.1274
436.7252
423.439
225.57678
150.0679
78.2185
22.277826
34.787487
1502.3545
69.60312
14.236929
11.381505
648.7628
26.111855
16.76465
101.18838
797.4213
502.09964
1264.2433
65.231895
128.5321
583.1247
877.0116
348.2739
15.868841
29.302307
319.87277
908.3469
37.941372
132.74052
509.3477
190.91835
130.04881
174.95276
44.750637
527.1239
73.24203
56.68815
9.102499
1692.7266
301.37302
76.98131
17.84229
165.60995
163.43137
28.585274
177.677
180.9921
555.5127
1017.8307
47.68641
22.376022
49.115063
2782.2983
361.35767
3377.2751
508.6751
170.58464
45.67026
10.742407
100.9349
159.59904
61.94125
55.940342
706.9304
60.386536
33.952675
78.40061
62.019154
97.04134
125.54945
17.142538
61.4669
56.782135
569.76355
468.52838
15.240078
5.7001834
17.716888
77.54909
75.23584
12.299554
58.350433
26.51597
72.619606
7174.8823
521.41266
42.43234
31.63885
14.651751
84.66204
45.267265
420.47888
282.4518
59.540604
1437.8182
256.8586
209.0627
3278.6475
25.457119
87.68656
1636.6143
391.8313
25.37402
399.15826
16.823153
821.00354
21.00515
3329.9072
37.392914
192.85526
6.7417793
493.8385
7.978554
166.49057
4737.245
104.04148
36.769157
285.5524
403.9254
8.225327
813.39954
11.119416
27.585033
33.421173
468.04453
289.88797
8.112095
1615.637
375.79663
812.6897
420.89233
742.0842
30.99742
557.6037
8.247765
628.3837
17.017159
26.471916
188.641
224.97997
54.864113
16.616795
55.815754
14.206013
667.4842
15.2119875
134.75305
111.3919
32.785645
9.325842
723.35455
279.13916
33.350822
14.973855
79.92751
51.288235
22.387058
1086.8562
36.01797
42.189102
33.586082
73.05531
31.060617
21.92726
407.9613
134.4535
1645.0448
77.78474
5.300706
862.7214
6.730265
78.79266
12.970344
961.3175
249.97462
134.43645
12.631638
102.53344
86.96768
17.095518
147.6742
44.06727
441.46463
265.1525
54.56362
32.68577
12.574567
29.35923
45.29435
26.289423
394.40842
50.176685
748.3115
14.094459
464.5401
373.55768
683.2037
28.332481
241.0946
26.097166
26.723408
35.605743
30.07137
20.23449
386.9066
729.7138
1806.5808
54.435585
989.29034
23.443779
64.73314
670.4895
11.966696
20.395004
24.88495
314.19067
32.662792
352.37604
10.68792
14.947119
94.30683
249.95651
1282.9655
380.42987
28.967873
9.125912
54.28035
49.931313
24.288574
54.49328
69.96141
45.611404
223.41061
3.7002528
14.780656
9.161262
28.366669
14.551139
365.94397
410.7998
24.730211
26.121431
33.787724
19.80968
329.83456
9823.601
398.89246
19.415989
1358.3351
303.67792
36.994614
41.48804
120.68211
128.29558
37.933323
418.36353
44.159367
14895.809
81.7639
96.88895
5.4070287
38.286606
61.34518
376.4473
42.396122
8.966584
8.243933
607.2006
838.3581
367.08762
121.67417
31.55583
80.245895
56.05
109.127686
141.58847
59.162106
26.110685
708.70703
23.149872
1255.1085
324.7965
485.30298
45.91883
26.537851
295.23462
18.549492
512.93567
105.562454
37.994663
782.1641
78.10031
919.2901
4676.7397
128.77516
14.567307
12.8441
338.84506
16.11677
320.714
2615.543
59.52749
26.572376
32.021553
50.10442
52.57891
166.62274
504.74908
744.22
102.534805
42.06893
132.27277
287.66827
47.11196
13.331404
991.484
80.724205
285.19754
144.58263
216.97057
97.075226
54.301193
11.50325
380.84317
39.80523
390.3119
380.75616
1660.1771
709.816
731.67017
10.832588
13.729118
371.0048
363.7198
62.56921
465.8913
379.74295
34.935085
12.311707
9.480959
59.76218
16.805658
61.744003
7.178101
266.47906
57.106125
153.38936
17.63836
585.74207
743.8943
568.09467
813.3511
328.36728
54.16863
17.113361
38.614353
58.64066
440.61267
71.22788
15.930923
15.843366
1567.063
107.7902
6.210062
40.931366
40.234554
78.75134
35.425144
14.665247
13.0941305
303.96
81.3004
1245.1167
21.796932
1788.782
1936.4128
45.59003
556.18567
277.69385
71.871956
72.35218
42.98553
26.647429
120.88306
452.93448
1246.2115
191.32225
16.836374
33.175114
35.106644
11.052884
24.812063
23.429865
1068.3527
42.290417
8.902974
68.26927
96.76438
8.313675
623.4707
56.96894
27.54298
586.2285
30.828655
74.48998
172.08398
88.997505
627.9503
7.244586
254.6118
18.540466
13.04983
53.026894
38.451267
20.48043
19.871721
108.57988
343.21185
16.134954
15.936851
19.049294
61.067158
24.726114
32.481236
141.14902
50.667595
69.40993
541.3355
965.99524
405.9281
668.5287
34.723988
232.68466
74.5894
2227.117
1579.4628
7962.4453
59.9716
7.8891454
24.543648
53.604378
224.12967
24.907341
810.7958
104.91065
18.639606
37.28051
39.090397
16.581465
6.8583755
27.673744
46.518005
75.35475
51.027733
32.053112
24.910624
30.710485
220.28818
84.94113
50.96842
26.359058
20.827375
238.30316
663.45013
60.883488
225.53722
217.45624
384.80542
23.64861
82.93858
30.914772
106.078445
103.6981
243.70924
1529.2555
448.46542
40.774403
161.18709
586.5392
31.836676
299.43106
1521.5475
969.813
40.049145
778.0551
38.58843
10.004416
2512.4456
21.875732
1040.3751
785.9038
43.209827
126.80487
5.19114
354.38226
1263.046
155.0552
22.961111
665.7667
61.457462
18365.316
140.94543
466.66595
101.86939
814.1648
271.36536
251.9095
1156.2761
24.270443
95.32412
8.472889
22.440884
42.763466
52.864117
139.38696
10.774246
2133.0662
9.182141
1004.5714
52.459732
6.2241616
83.41118
55.288567
511.51486
1141.2798
22.945915
12.360072
112.63774
217.08067
49.3945
228.82874
13.676417
21.432829
4.913185
217.25029
43.94622
254.93155
36.631107
198.23412
13.297882
203.26642
400.54895
58.23058
48.137997
20.369692
105.158516
183.4591
12.429352
236.38226
377.1365
3045.6223
19.598162
32.19839
1069.8994
163.5597
549.5573
44.098083
134.1069
509.98663
928.36194
70.39104
130.18172
13.958773
181.82356
66.19207
30.49558
1601.5632
286.6833
84.812706
53.995033
53.093662
112.697
1472.3329
47.251896
402.83868
42.983265
101.81724
309.26205
13.786015
727.13544
36.98746
5902.7026
27.822937
47.346592
44.249454
15.370674
109.761086
30.303774
47.68002
7.6835513
71.43043
19.86536
194.02586
82.333305
26.79386
48.026455
686.4394
66.39308
137.81903
17.302605
33.906532
315.04306
157.17535
117.71969
15.754981
4.090335
31.285368
82.59479
18.383074
198.49876
49.507736
32.8241
44.385162
29.829933
217.30562
9.694399
15.78041
3875.0278
8.564269
15.78041
22.132336
27.759342
2158.4568
750.311
755.37506
8.31689
894.0584
28.117271
156.8232
11.8295355
28.341156
11.39851
71.11077
121.33986
38.215508
287.76447
53.80456
13.156432
2200.4043
15.305684
246.22601
109.79386
23.92979
39.70301
31.513876
39.296967
23.056194
45.55954
25.312859
22.1333
968.5939
58.900215
350.17123
683.6576
60.84738
74.202194
373.4134
200.0456
10.516774
23.605032
25.81824
22.035255
41.96574
409.09076
61.023434
48.235237
101.12595
675.1044
106.2419
59.987587
232.0918
180.62982
13.9896145
345.74146
63.638355
64.49218
94.825035
360.48892
67.75606
33.93925
13.771779
94.614784
69.39092
246.07109
126.43765
34.36571
496.42612
57.289845
29.368849
99.0614
23.290716
9.971088
244.53331
3576.6687
211.37915
835.2764
46.91404
63.636475
18.741482
766.3564
487.60983
14.855735
46.58352
98.22879
24.47766
212.7548
34.804413
103.66873
963.81805
52.98192
35.850727
720.807
38.703564
18.337809
104.3649
110.319695
62.17381
45.76625
7.0019894
7.035875
101.279366
9.743358
737.6577
68.09361
44.916866
178.27708
35.00037
112.816956
834.5076
43.415966
356.1515
2513.1694
1470.4722
1251.0258
19.394337
551.6293
107.03749
43.96743
16.35888
48.921295
51.887524
1090.5862
42.39002
15.936851
324.0818
39.195164
36.784737
132.1409
72.7663
20.960896
276.5723
99.13289
199.76096
14.247436
572.8332
62.582314
313.41168
24.930206
62.63898
1081.6771
46.348804
31.595541
417.93942
503.90573
190.07965
62.095173
169.13751
19.31802
59.202602
30.038958
72.15136
344.1483
27.232195
41.84796
754.88074
781.467
309.96347
2286.9927
103.86146
531.33466
85.864685
96.02669
501.95364
37.816483
68.73686
533.7112
19.66899
12.423044
10.528882
47.538067
45.995243
65.542435
293.5182
400.86096
47.535606
39.078796
37.999237
31.752594
412.5457
401.4702
394.95172
244.15474
767.9389
62.448975
13.76546
562.6106
19.017767
11.420645
17.013065
34.696068
27.752943
181.88002
6.4077563
679.6253
18.268566
110.903046
4.2581472
120.35478
12.936855
30.680853
7.2819777
7.748854
184.53572
238.22238
2296.4976
300.03848
31.150229
154.31114
16.8242
12.702997
483.4011
23.924788
14.973109
299.3921
59.07914
9.075412
5488.5547
48.53289
31.097496
70.331085
35.143566
51.70946
717.8167
5.6922884
8.401856
18.05107
97.48026
76.72683
626.55115
208.47516
18.301926
31.653372
52.08658
55.60175
22.864206
1375.5846
33.3206
298.35403
829.30597
1613.2113
87.35983
5.300706
39.741886
42.415627
102.7553
129.1088
323.19672
9.775958
84.61215
43.446014
92.59551
19.06147
56.150475
17.509884
97.06846
18.468658
48.03059
10.868296
675.8139
17.364359
17.019156
33.63652
71.92777
36.490017
5.1182976
14.253711
425.86053
33.293945
53.796738
29.157042
20.02022
12.790628
29.834435
960.01746
23.061312
16.484219
241.40926
181.04579
594.30493
77.6377
63.958817
42.361557
78.70352
7.590594
118.55945
886.9845
16.94157
1318.7734
34.848667
95.18586
34.196648
9875.094
23.111197
22.054398
950.3919
1847.8827
24.437908
182.18703
10.859554
44.308376
197.23853
37.874733
30.043198
20.744396
1385.6926
9.93917
56.807022
20.806004
194.1459
22.493307
44.91753
1021.5327
144.26682
18.929455
28.20118
209.26437
11.950487
20.805145
572.2522
34.64666
99.612335
43.944542
30.742508
146.3126
191.1819
320.3527
450.50394
105.85036
570.9001
103.09871
34.71333
6.7442417
4.0903354
467.49335
77.476425
43.378872
16.64601
110.2913
39.75743
13.005098
48.49245
668.6151
10.73468
319.55933
919.1481
100.06449
42.451805
10.002595
12.471931
452.01642
45.54574
13.6559105
21.327036
342.86868
421.32382
193.16551
13.656014
154.52637
201.39886
26.133871
68.64305
21.920256
24.27549
16.759487
616.38806
3685.154
1753.958
140.99753
59.0293
15.925638
11.118908
23.42172
637.56573
46.375034
10.057984
25.911417
1268.751
148.20715
154.37332
342.20602
183.02144
78.016045
18.577972
2698.4468
29.721296
138.89758
922.5717
21.44827
31.604643
39.93017
1478.6233
27.052322
423.63632
1176.0608
15.605972
89.65311
190.51021
23.040846
1430.7717
66.79825
247.16144
42.920326
52.303055
58.1232
1044.0393
317.78406
23.531433
20.080858
692.487
583.65967
40.368877
10.086997
369.36496
128.49307
18.018597
22.775324
252.26048
444.7771
43.80733
84.764114
629.83954
40.49416
52.44091
1843.098
240.67593
544.19904
102.56092
205.09561
49.644882
58.04246
227.92314
63.952133
54.825825
24.237852
166.92189
1426.4344
9.962622
1944.8661
21.06712
246.6305
51.84663
408.1329
10.526179
18.86657
33.896633
614.80035
216.01485
39.6912
1275.8636
174.12373
76.87156
33.043816
55.298714
206.1006
197.38661
538.11957
266.87912
434.35577
639.6455
2017.2517
66.1105
366.06296
915.04224
14.216529
83.61738
19.543861
173.63753
19659.357
671.2486
49.138664
13.442676
2834.528
15.500327
24.65859
59.636696
71.15707
558.9099
53.89888
44.049084
19.635843
1298.636
257.94067
10.053995
44.885273
601.06903
1052.2524
1197.4182
12.433128
15.630587
524.45074
380.26755
741.3606
79.010994
509.55685
64.414825
109.32952
31.233936
20.826565
36.727673
282.67722
438.5742
98.503654
701.27216
55.53032
361.48438
29.10796
66.69595
719.33844
40.953564
16.14735
893.4422
64.63262
39.979523
217.92332
20.340229
177.02797
580.6882
677.0102
69.297714
337.21002
623.85406
1262.8828
46.791348
41.600925
229.74857
50.130417
8.346341
63.623913
33.760265
141.45856
36.886566
33.59852
30.64081
184.96704
38.771534
38.364605
3.4722047
50.067425
52.24676
12364.733
77.31924
1425.0992
18.959888
178.2188
35.69902
591.7957
18.59158
5.991475
6.8324933
11.392191
81.696396
276.61533
6964.6143
5.755032
178.89636
25.093977
70.82259
34.216766
36.0589
43.15616
52.043243
124.46572
51.2141
16.852453
690.8989
57.72227
89.264404
75.84544
221.30511
150.48466
192.10641
3254.0977
669.30725
19.276869
235.7311
1075.728
285.0719
60.634533
97.40434
261.17255
283.84164
26.189571
17.59747
161.36736
31.196173
182.44148
24.224604
9.566288
41.27535
46.81074
262.01675
96.50123
579.7348
305.12463
71.13872
35.021374
41.324738
129.31865
267.47995
17.406221
1136.47
1396.4841
106.62283
178.37361
23.052656
96.873375
148.48062
401.53265
22.74289
14.375765
69.370316
73.43881
32.04986
28.84356
377.8697
30.222885
565.0184
21.666885
773.718
7.196554
15.782768
25.557426
65.34737
2173.5142
16.961376
153.61414
723.64465
29.299114
82.63387
117.06207
27.425955
296.8127
72.74732
167.63698
50.721657
17.270195
33.187645
27.81606
40.38343
46.96742
479.56604
935.3153
33.077797
117.59715
229.28322
49.074947
106.23769
39.213654
167.92485
22.449049
1612.6952
1630.61
2208.555
252.1638
26.703917
242.72081
754.25183
31.441776
58.503582
155.43356
78.16287
16.434828
27587.28
210.05637
48.376724
18.608345
18.102213
40.508175
30.673517
14.915286
1496.8413
736.091
44.28514
29.064772
32.581467
259.3689
1079.7
139.99156
290.25537
6.8008094
21.734068
244.84332
71.22483
17.757435
4.616228
1377.0375
56.93141
352.59067
136.25465
8.902609
378.6857
42.405838
238.6337
74.6064
185.049
16.211174
58.919598
257.61322
111.48824
24.616009
2970.3064
25.104048
88.004036
51.86704
54.98464
572.97546
22.72671
66.81765
11.842483
21.082159
151.09995
841.9508
738.5594
24.856245
126.68623
128.0318
123.21009
36.669426
20.368444
3.9278615
44.16159
9.85604
16.17387
22.970518
13.751382
39.09476
415.2064
28.922745
322.09885
254.9673
135.54953
757.7984
222.22562
767.1542
9.866841
264.84796
655.2634
459.8476
20.031782
110.37494
38.625496
158.84135
31.04542
51.35043
53.350998
24.679476
316.96277
13.215556
4561.0415
10.127618
26.51475
82.050026
43.2495
60.845066
305.77625
32.74613
416.53244
31.797253
16.591219
526.96857
32.66255
114.58788
17.223806
65.39303
79.34868
384.83554
63.08834
44.036118
8.503166
56.787468
7.838999
25.651411
779.1742
1016.04425
35.570564
427.20065
59.14326
53.84646
52.771397
45.415604
493.4028
592.5757
460.66028
7.264721
93.264534
933.07513
95.95487
75.54493
108.224976
267.36838
6.2133813
14.161314
10.834213
2326.8367
10.853105
121.42344
86.26362
42.583565
4.6264067
404.19012
448.8837
286.51602
790.9449
49.378525
16.727085
20.403297
18.212057
535.3896
368.9949
26.541805
79.25184
21.319727
711.4269
51.61516
559.0893
18.98589
103.1259
86.36014
333.44592
18.747873
129.33461
69.71103
151.06435
291.3011
401.61615
22.905443
9.146901
46.206745
101.50564
60.91575
375.21182
335.19537
534.81525
1678.4159
1069.0803
600.17145
59.03546
40.784966
32.907207
42.05089
31.118212
51.292892
93.54487
25.915163
31.55671
812.29376
35.021374
1765.8989
59.100384
25.410875
249.46819
37.338383
79.02319
56.707264
377.59085
15.052805
39.321117
752.84753
52.01521
642.14014
20.578266
19.523054
14.440744
876.5396
25.79521
13.075405
474.54428
132.47166
159.84863
12.984753
22.043873
12.204653
980.0698
12.581027
83.92231
42.764557
116.33456
38.99401
15.398886
82.23392
23.157679
16.544872
421.40842
40.479134
113.71931
45.3593
20.4679
60.647488
189.52693
19.645462
74.01385
15.561939
28.338291
119.932785
42.3503
22.95751
231.91946
44.44769
59.5454
278.63956
294.25433
12.750799
40.075874
16.52389
124.14381
14.43084
1891.2303
24.984795
29.944756
15.427335
115.540535
47.001114
52.267067
817.45966
104.43664
219.85237
73.70389
7.7702384
61.494164
356.4563
13.678955
104.13574
108.91912
25.01744
35.540977
4.937571
10.655226
101.02653
24449.88
27.45653
40.238422
5.1152883
125.60604
52.095993
313.01517
31.624193
480.80588
105.825676
11.798456
34.97491
916.62744
349.2241
5.7579355
41.378155
11.6988
10.326195
1121.3849
534.7684
11.797711
2146.6929
7056.5625
23.98204
152.58363
59.129955
877.8279
52.283455
123.04493
8.549158
15.561939
28.99291
16.460493
171.09657
668.9193
578.6315
81.25889
21.255583
44.98906
266.8711
16.139671
331.84735
98.62707
21.634172
14.782809
230.34146
282.15753
32.581238
832.45734
70.49392
32.21766
459.5162
32.223686
269.0413
335.769
69.54214
28.749355
56.582798
86.109344
23.758343
193.80637
234.87355
27.83454
81.05565
78.14949
297.66385
293.42795
8.380912
114.52256
1103.4517
115.04048
344.8137
11.947405
471.55304
56.681126
27.112804
21.668303
98.134926
12.133934
191.1922
25.559698
10.81885
913.3522
54.397213
35.409668
19.655193
42.374115
847.45526
3189.8132
530.5154
8.317704
502.61636
32.45442
54.01346
76.8171
27.585495
359.4585
180.83286
469.03064
25.263895
84.483025
697.4697
24.454058
21.209436
20.543896
12.312475
705.29535
68.741356
184.35551
17.07142
58.412346
140.3758
6.4869246
29.267794
37.868576
1512.201
281.08835
1766.5549
453.41373
273.45312
6.487479
51.72126
21.890064
227.9601
18.53173
35.780033
1687.1406
166.04857
493.54938
34.203087
909.8546
203.96896
130.26778
44.65265
677.4504
494.8221
736.7884
11.350878
1158.1826
11.259356
18.215422
35.381042
7.7702384
741.46387
285.0727
17.198095
14.711915
41.59198
543.71295
9.18914
72.87738
121.37354
13.268828
51.01594
299.61832
226.52025
78.61309
29.531704
59.74067
15.806331
78.20768
362.7758
11.601534
484.2011
49.609314
182.00026
52.712185
9.795469
1419.184
14.118805
39.965855
42.002644
376.59973
4.090336
721.44275
72.645615
41.087444
43.575783
1487.2955
74.15048
48.299576
359.1837
135.76059
710.99243
82.69351
1050.2783
84.7568
331.45297
118.34644
776.2997
155.16852
24.589731
61.34085
328.86197
710.0482
30.88149
433.37
6.982791
8.981041
928.3518
32.521416
26.411703
44.86834
394.09576
193.35886
181.57083
19.648071
40.116062
637.5076
275.1073
466.92102
59.56235
293.62906
43.834564
13.012024
14.93984
31.097008
1554.0541
34.717613
53.40603
13.776991
66.03365
94.73703
8099.445
40.293324
7.976171
83.87543
6.394283
678.02856
34.922092
29.147406
32.54398
167.14491
14.391944
134.26009
107.898705
31.350613
9.392787
91.57061
98.716515
21.483984
548.8112
40.091267
4.6264067
65.20996
559.14984
827.3394
131.1287
126.64891
1504.5991
6032.2134
157.29523
123.843636
1284.2178
39.195286
92.28428
344.43427
61.216984
300.02905
35.863712
67.45007
3263.0012
38.27152
107.013504
18.377373
80.19158
87.62533
37.54067
73.04434
518.01526
38.41329
6.463284
52.552063
1958.358
953.9397
42.480152
310.95505
202.06606
52.19046
1105.9427
364.03818
33.280067
29.999027
3948.1714
187.89185
43.974518
102.008125
59.345337
90.45839
499.07104
14.613309
21.529902
28.670858
56.24794
65.20651
27.54019
486.0992
151.3651
65.96461
35.447704
415.4569
14.43
762.1092
35.319897
374.80698
779.2812
19.86469
49.363174
3.6055934
35.58364
309.20825
105.84622
63.316483
42.018
32.297356
48.27799
103.453926
14.856407
22429.562
16.863379
90.69607
45.02273
146.4881
32.118076
5.657415
643.1747
16.229315
123.34382
51.079464
9.56897
350.42596
117.52528
526.03314
30.975056
31.390852
102.90706
9.657499
24.897753
45.581226
345.104
3922.5117
20.986938
33.133575
141.74742
81.99018
50.743008
13.0313225
47.25352
58.51759
152.31409
68.55327
23.940987
231.08195
24.8029
269.7487
336.85083
24.633163
404.33453
567.3307
2764.1543
819.92847
20.98075
8.996452
134.75323
311.62253
10.765113
87.50541
6.37897
132.68584
10.24481
100.86259
368.2042
22.149734
76.42395
937.3624
39.9416
365.38965
731.5467
650.8701
447.24713
868.12146
423.63632
2717.704
417.98688
2335.988
53.151897
38.314278
18.547188
241.0168
38.60284
146.17487
307.00626
218.342
34.760212
291.78793
363.78815
96.62988
27.563614
15.655896
423.63632
51.86862
366.097
80.85236
40.59882
24.53028
55.06343
6.860771
39.93589
89.393265
34.460995
116.42208
141.26012
18.307642
36.50595
3750.3687
31.566755
16.411749
2098.9187
123.94662
109.121506
343.69894
419.95688
109.554596
44.580284
323.5714
468.14023
46.49871
127.654945
1759.8784
404.96182
13.619842
15.482696
43.71762
14.545183
100.78234
24.91057
35.87984
23.736177
33.611523
789.7656
47.51818
23.8728
57.97798
84.40418
12.041446
147.10178
181.02232
73.45429
744.8352
589.94775
44.26463
477.56702
10.405961
336.0961
18.562653
48.027737
19.085938
35.53497
28.005878
20.338982
721.04346
5699.2964
19.268263
124.5805
1414.121
639.6574
49.337975
680.70825
19.310339
33.603977
68.31408
35.374023
7.913549
167.12085
116.6241
110.39669
30.356989
65.791306
834.54706
886.0781
227.27307
15.956583
1316.6892
38.0302
524.99994
472.26816
90.71237
9.617535
121.59227
64.67674
52.137756
52.488354
28.384386
158.23619
69.13144
107.31735
10.8922
387.5885
1057.3495
137.043
1308.4626
106.03813
10.270501
288.8344
38.753426
27.930334
90.96199
4.6264067
16.452265
37.12997
65.896675
296.5919
26.26948
28.100292
21.944572
217.45946
38.266155
55.567375
1076.1543
26.501194
763.2194
17.527962
94.76573
30.558632
274.0753
54.881695
354.7143
588.8343
30.857409
376.03235
130.20798
1177.7438
76.28028
85.43316
30.038815
1122.6332
11.818242
6653.1455
650.2509
1964.6517
45.05921
37.288433
1019.6674
246.51712
82.524796
17.470032
531.0776
59.189053
20.649176
356.38626
128.94328
81.862755
13.611233
370.97772
9.161928
56.576057
482.5685
12.7861
32.11385
71.43206
150.7312
40.754383
23.182636
124.08996
22.67298
93.44166
22.952879
77.66192
17.110388
380.5097
252.9244
25.098255
58.470646
36.6293
291.09906
688.722
41.28813
60.267014
22.844591
327.1116
18.963337
12.127386
17.204975
243.84874
295.96307
123.29348
266.04218
16.12262
425.94708
1733.2205
16.661705
1783.7141
20.050108
41.487682
65.99358
746.31665
17.506699
62.613804
87.18538
138.59279
284.4489
84.19958
51.513
171.28561
32.548573
48.420147
839.8253
161.78287
36.388424
33.37818
326.31705
63.643272
1818.6129
1016.3606
375.668
30.688808
58.734657
49.473373
759.33966
24.570305
37.107903
258.21265
73.59596
994.4153
174.89487
20.176792
32.689613
44.21784
82.126076
637.8418
246.71977
1084.0549
11.7626705
95.48977
760.7066
490.63507
26.18841
151.3957
69.41085
1635.2819
145.61104
38.84953
388.143
432.36786
488.81082
464.7728
5.2713366
13.601485
18.60702
1432.5227
32.373035
348.00977
214.71158
520.7862
883.86395
411.1339
141.41525
987.9879
161.27513
23.146616
588.98987
240.31046
21.542358
767.36743
98.86843
65.365036
1574.5261
533.6231
1918.6931
1237.7628
45.147087
1502.0846
84.06674
342.44846
15.789889
163.84688
174.1381
21.907518
150.39291
293.42795
19.264158
368.62576
178.03644
253.3547
102.72277
931.9057
20.745073
3.8426096
11.339649
776.2482
3.700253
6.3780065
32.95241
21.826355
46.655224
249.75111
81.38243
26.250542
61.704914
39.64944
67.31316
889.2845
50.311523
900.2546
15.064419
552.7233
11.707656
37.876244
857.98224
66.553055
32.355675
1055.151
6.5678124
271.98132
39.4521
2183.1287
270.4702
5.9682717
226.74017
890.7627
40.714855
3971.036
5.78551
998.27637
18.298347
6349.8506
230.54607
226.00992
48.125618
6.3356967
8498.399
1014.9794
39.300453
117.02156
43.62327
371.39984
21.065046
1909.7043
911.6822
34.09097
419.71585
29.755901
241.94096
306.2765
90.60685
317.2144
1382.5062
54.38353
45.71652
443.37003
152.68414
2556.8782
32.14063
21.924019
557752.44
191.86237
286.62
62.148582
102.44117
161.01534
89.035576
87.81012
43.21568
207.90256
34.574207
56.955982
711.62775
4426.421
99.66659
8.104853
233.13478
59.220078
336.1163
15.869443
16.141539
11.353003
113.375435
79.79305
131.95522
15.63674
152.42538
17.573801
61.771503
42.267433
35.05452
931.9115
17.796186
163.07443
563.3732
136.48196
1005.82385
29483.242
608.5142
74.7307
6.7237544
36.914017
895.81274
71.50261
11.115393
31.574465
214.61903
1150.5771
1229.2993
6.487478
135.99437
143.5136
439.10675
64.31213
26.214973
94.1068
23.318592
23.84142
958.39417
3431.4673
10.278027
97.596115
321.26917
7292.167
54.34335
16.201618
37.6281
28.71779
184.78746
681.603
170.10127
1054.3931
54.229565
115.667755
80.46038
83.41003
17.558582
24.82904
78.48668
1064.1534
335.24216
1303.9636
44.574024
104.9732
62.093456
161.16457
95.502884
274.29102
292.74857
944.2301
33.69024
10.655226
17.60264
249.46094
54.859978
143.03467
570.58356
15.773553
47.40976
585.6792
46.957443
8749.549
2280.2021
6.4077563
200.60727
20.190435
101.7375
183.10297
5.3957477
69209.71
197.74696
1616.901
477.99713
5.7699437
3425.9902
1598.2089
71.68993
352.01245
12.271005
66.4282
12.246232
452.3627
461.6051
11.38294
98.65698
13.025337
44.46566
235.01045
142.68549
18.03398
3671.6028
882.04346
135.39003
93.7835
33.46574
3154.1902
139.31837
71.831764
1043.6207
31.13805
28.422262
31.228613
77.84589
442.46967
63.18917
403.95065
12.752605
75.49988
154.945
24.559334
75.30633
31.443203
1473.51
45.47923
17.146757
189.84468
76.938484
296.8327
64.10981
363.15625
173.57469
239.07233
24972.945
37.07557
286.55838
661.8589
207.343
439.32895
256.40976
29.86119
1128.6614
27.319414
35.118187
114.72264
743.7691
80.1902
251.97234
171.64545
49.90461
8.879061
53.86056
564.7143
695.25726
16.744043
28.311806
14.6666355
1215.1108
37.278606
55.377087
650.1396
1282.0671
308.70837
22.736412
41.12903
240.32123
43.15654
54.75241
1461.705
41.753017
340.40182
17.325771
128.91464
22.915876
237.85211
16.800953
92.85571
5.4325314
162.56227
1323.9885
20.477848
39.894844
213.77843
720.3775
15.123786
24.12066
2360.3638
58.07192
23.559597
100.7514
9.231407
24.628056
29.76028
25696.986
51.850433
38.075573
8.188363
475.09357
31.848564
13.978915
157.91585
143.47198
100.284355
370.16263
581.3872
129.49141
150.0757
1059.5247
11.007328
20.561932
232.02953
231.01495
1264.4086
677.92316
124.23365
31.587875
364.23337
1469.0845
944.99316
554.5766
8.356405
864.6888
53.301987
37.657635
36.78416
605.4387
59.24779
73.93402
39.062786
86.21201
51.07615
240.24768
35.755707
18.217094
47.31291
1423.791
15.337775
35.455692
55.915726
82.72727
797.1837
135.90958
46.131905
33.098392
133.10135
42.651215
18.648972
24.621523
108.18504
45.01993
89.84718
280.9987
39.30679
94.16579
13.341664
55.723366
321.01987
23.679996
143.38356
45.294678
57.991585
16.094643
15.038018
152.64534
268.80585
130.6298
50.52601
905.2238
60.86169
221.78156
744.61646
55.467575
71.31734
982.43823
41.268913
1267.3379
184.8325
39.853214
17.74111
257.24078
46.943764
64.55421
174.59805
230.43604
346.6127
541.08673
8.935829
29.507233
429.2835
15.487192
73.06277
25.897243
9.883699
164.3377
407.69138
13.954726
179.777
349.00037
20.606722
63.238934
353.48456
562.7831
420.04324
29.14874
30.385332
171.93887
46.50044
2199.3584
3750.3687
112.181335
375.42587
71.2302
32.343105
40.502167
19.221537
77533.83
1239.9426
1280.3004
1258.2076
2018.7595
1411.748
53.420444
320.86392
170.0475
60116.39
69.27132
41.104706
64.46125
17.713125
69.8818
34.82259
842.22107
76.13206
21.084763
522.58795
141.54654
980.33344
146.40025
1129.3931
838.6664
146.90802
767.42676
56.815018
156.5655
4785.8784
10.099146
25.238905
5.2419643
17.720781
5.581777
33.382534
75.72789
20.015915
89.36547
745.24945
1182.8281
3765.0007
55.784355
12.53944
35.16535
504.4339
70.25791
527.195
273.14023
94.71594
59.959217
356.73517
29.321022
992.7206
464.09268
11.611302
26.640059
25.28586
114.238396
150.84769
114.58958
82.55286
37.630882
1048.0266
35.455605
23.21389
52.37782
70.78715
25.565714
32.361355
30.278397
1306.9087
344.30505
148.1098
217.81477
50.00725
27.955025
4.866389
138.3242
27.277176
5.5906897
12.702997
720.94965
59.84782
117.250786
12.383256
16.274343
641.7927
192.81499
17.677473
107.87736
19.617876
52.569523
64.228226
42.63072
87.09608
36.017513
154.82352
11.1962595
11.484166
10.655226
556.754
27.382023
225.89745
26.953482
55.039227
13.054172
709.31085
1035.0332
29.783506
10.061323
14.079195
876.38245
427.56464
37.48957
23.421095
58.248466
288.01718
59.904266
62.04631
13.477129
50.775826
4.0903354
846.82306
36.38871
1066.7689
17.379877
5565.669
31.204735
64.982
549.7607
50.53709
38.3668
4674.381
313.32114
57.77663
41.264366
89.687096
187.40286
415.2945
1238.0597
60.336082
67.53816
74.49791
93.45436
16.855774
30.36692
24.92029
30.346476
104.31888
775.0602
11.746024
18.294653
16.587038
8.810824
146.3528
38.039085
155.99304
26.160458
9.982229
19.28166
75.107155
32.911633
8.208808
165.15863
21.500156
26.524252
29.583776
66.793945
45.28122
423.63632
432.01114
269.72144
72.34011
29.672924
321.61542
281.31775
135.81187
18.313694
80.9314
130.54662
13.9102545
744.03864
20.574156
242.653
31.822302
24.515524
31.190083
136.17963
126.831055
79.78651
464.62564
34.931023
54.58637
362.1068
111.34597
37.63677
45.581814
301.3841
72.643814
24.834772
38.157085
71.68238
15.964106
77.62419
35.824596
15.513563
33.570744
437.0921
1254.3488
2865.6729
7.738129
75.71894
93.612686
62.76922
16.643517
353.9933
333.53705
59.06072
23.515574
9.535336
3929.487
35.95249
5.6922884
17.297316
6.640098
7.4332476
53.91164
35.164318
501.4443
120.840416
73.291
34.088898
97.06657
7.459578
249.85165
2416.2576
3786.9885
89.68872
189.45699
87.148674
302.98352
9.559582
36.581787
391.32492
22.620455
27.948679
223.46228
345.9913
2465.945
29.962421
10.655226
62.230133
38.468773
40.16715
329.74774
10.982689
269.52652
22.61069
9.934098
23.798521
9.773278
10.195434
683.21606
111.74153
103.32559
46.384056
19.769613
480.03436
54.40678
68.11563
371.52032
543.5154
228.51035
1673.2235
66.78042
112.9037
4.5767517
29.850672
39.533215
91.82378
11.824609
111.53302
46.987915
108.42601
167.15886
4609.545
2846.6982
275328.6
627.69434
8.657998
421.57544
53.07783
64.61867
8.380912
859.25586
20.583841
85.31018
34.429253
14.245699
4.042897
19.12879
453.35278
111.31284
1033.5457
4231.8125
70.09665
855.6538
526.9542
121.821686
17.945469
28.48375
28.962395
23.15315
18.140265
13.6741
574.2435
272.319
9.283111
337.62305
30.336752
691.6033
387.60367
8.181358
265.44977
102.12741
46.729954
799.9531
155.96878
84.38197
44.37065
113.505745
61.446266
379.16992
122.56102
12.5803
401.0474
5.21403
148.17091
118.60016
408.52213
927.6544
91.025475
22.629915
60.652233
320.3556
35.934574
198.45619
18.290134
21.438255
13.32839
12.24732
585.0682
133.14821
111.750534
1532.4862
27.144033
31.879644
210.33118
897.83765
1889.189
100.29904
96.07341
1547.0111
115.24703
19.233097
107.52608
421.78674
107.2867
6.6204357
293.7016
252.88869
267.5214
99.79232
106.19024
6.1404824
22.431612
1065.9646
737.1823
146.75392
1158.1539
1760.0748
139.9614
212.6407
167.09854
78.848175
99.47539
541.41785
10.441998
8.973455
29.218348
29.678972
57.63871
10.412816
8.786216
209.71408
37.852474
880.4571
480.66266
5.470028
401.41183
41.551613
185.6229
611.1246
8.840141
309.85812
31.985943
1217.169
88.27886
16.913645
832.80396
18.592638
61.7269
41.706562
36.761383
279.08353
2003.1307
999.703
33.736824
3814.8525
18.704678
25.629808
69.31044
16.535625
46.187107
493.81024
8.287855
47.14269
174.21791
13.799174
14.047616
280.63284
56.11699
27.47705
2547.9873
17.001343
615.93854
253.4863
863.0748
23.086689
206.8954
19.688192
86.17112
365.1707
11.246131
102.51085
409.853
384.18536
908.8868
974.55536
45.939877
9.689646
129.47832
62.417416
21.214762
72.07846
9.119854
27.852983
14.729348
369.4576
23.178286
98.23506
128.17958
79.54332
192.84625
61.061337
169.026
11.872485
61.70568
346.12894
66.67681
14.574624
1113.285
71.64643
6.401402
14.514657
237.62009
142.35942
1705.7595
88.15301
59.88213
656.32477
1313.3276
56.027557
1142.9435
69.10274
7.4221935
245.21053
203.88893
31.973957
130.44748
345.65475
382.94238
25.080359
320.92606
979.9184
55.86983
53.850735
52.57532
173.88577
117.73304
76.89223
970.14
11.734788
634.5265
40.890556
50.606167
607.98755
278.52002
66.62631
93.590195
58.323677
831.3034
490.25436
42.25504
1225.5559
278.8828
536.89746
49.676445
416.5952
56.982796
1157.4644
71.55909
87.74495
9.635384
3555.3455
64.8034
34.592373
33.2057
188.58867
53.48674
363.60364
18.401167
27.989403
418.30725
31.444324
893.12524
924.83966
5.9837556
93.19376
32.228104
81.70906
86.77961
29.79965
528.2383
50.345673
55.635273
501.11304
37.08151
24.213373
214.30315
13.939909
353.15823
31.55671
943.8232
83.64198
18.330524
32.640972
882.66907
12.173282
28.020205
445.58078
12.057234
10.986422
25.875687
19.347464
162.73901
39.96917
46.892467
24.321331
114.30198
41.294746
138.77808
45.633934
473.16507
1349.3617
10.409833
9.323522
266.90317
82.53224
93.2898
84.70965
398.47327
942.5288
49.783073
34.76884
524.3732
28.235283
4163.8687
866.49036
84.18432
12.329459
35.433746
529.2692
12.969079
37.95329
106.267944
32.030655
34.901085
51.36532
12.534834
138.94043
37.607693
395.3516
206.58498
226.47878
82.05409
17.232275
241.78918
11.104104
41.973606
35.07873
422.89517
157.5247
49.318287
70.829315
123.95016
24.786999
1346.6929
71.66084
165.45155
339.95395
576.0226
71.39233
60.3347
66.09392
201.94604
6.5987806
331.75275
277.3002
38.376743
117.76297
14.70526
55.012623
63.320827
465.94885
64.50716
343.88336
922.6513
50.660965
273.16733
959.84576
556.81854
89.07023
61.44149
4.2581472
45.483147
97.39143
19.079226
856.5919
57.188885
992.4238
4545.1235
5.5306587
53.25311
4.0433536
37.87349
35.941467
59.155537
18.09423
11.694419
142.54967
22.139967
15.713548
182.88326
195.06616
930.07715
176.52977
154.947
1137.1221
38.61532
507.5642
19.363228
547.0797
447.3282
183.78868
299.55603
18.083838
39.230804
413.69138
617.3331
51430.33
38.104374
303.78726
24.39462
454.13797
895.4062
75.88579
70.27584
45.567722
345.923
35.03125
344.35132
13.340042
518.3654
127.03272
80.65725
48.262096
10.832157
2479.4973
361.6702
545.4941
32.103607
45.047054
86.09932
46.784904
11.741592
27.734745
11.015937
33.1507
74.79433
792.41034
119.47313
460.45496
177.1069
20.94875
1818.6442
90.08437
201.35748
524.40375
35.924
57.83305
138.38042
13.980305
13.427528
65.38021
60.312725
48.59882
1540.5654
683.39166
75.78522
37.68255
740.85455
131.68266
26.243845
172.38638
17.514357
6.2911034
391.5429
57.538673
335.88638
40.436634
236.10144
4819.9155
100.437645
36.145226
37.00456
25.961304
27.295307
40.851227
16.00696
197.38483
1138.7124
11.676073
176.62029
494.48413
14.087504
108.6209
221.85103
55.651405
46.66942
28.780197
160.78401
316.31503
28.619997
85.94796
256.5439
50.95112
2500.0742
59.74745
28.442274
39.272945
143.75288
31.222559
20.667164
174.04463
227.71675
45.472973
47.949318
857.7859
27.428558
31.936008
31.494467
1602.7858
137.64268
2633.8718
770.8129
46.16398
99.8075
1488.2434
15.733698
828.0877
67.41412
34.83153
449.10593
19.676495
63.67408
214.93991
159.92976
431.56393
370.43207
203.62767
24.99373
444.44022
94.76288
284.23495
75.04633
44.67649
1424.5795
240.26347
824.11035
109.9308
24.722902
19.887678
45.166588
309.78705
418.24146
274.64557
102.354454
947.85614
27.146563
11.204494
1317.9285
138.81409
1825.5079
8348.065
46.88343
407.54443
24.2569
36.06089
98.61358
206.98383
291.28235
1316.6892
556.04565
300.08258
119.12357
4.820725
34.212605
391.0427
78.881004
172.26575
5.3957477
89.034645
597.5184
47.18172
478.6038
13.827398
46.335335
201.23904
14.053428
37.51609
554.63293
36.69517
228.73338
24.662212
33.211353
23.857567
1994.0172
285.22202
13.07159
101.06329
42.478443
1591.3574
14.711369
29.751894
55.945198
43.76357
11.199581
44.71827
59.689358
1686.7915
54.81074
12.819149
668.04846
62.79505
27.915289
430.98404
594.6411
9.952683
30.265717
1023.1961
58.69994
58.311302
469.23645
64.622246
127.38988
1119.4558
468.65707
260.80728
61.376427
25.96045
54.371033
113.8568
62.798378
845.0482
770.9688
536.3448
1263.6677
11.321123
9936.204
15.625874
194.10905
1174.5493
410.8925
63.080975
52.994225
29.799786
75.406944
3.9278615
97.6112
135.90906
45.928387
100.184425
23.697844
329.2299
739.5916
462.25977
35.721737
225.3625
147.18506
34.986546
34.192886
1619.7909
110.88342
473.91992
8.618981
1585.7354
43.961205
52.805176
50.778126
14.394354
4.2477736
23.790289
27.896793
29.632153
81.30835
396.40607
64.549965
21.743233
329.19992
301.59412
26.171188
1551.7482
312.32367
82.00129
93.77612
557.0684
15.27113
14.935677
1029.8684
51.923298
21.324743
308.37308
33.230553
776.2482
25.508951
90.01709
104.694565
118.65616
708.6753
372.37268
60.552967
490.77362
72.38911
1747.4174
127.55375
20.356623
24.066122
10.715884
118.56922
220.58469
171.05399
19.287973
225.37283
1597.5629
12.4172945
1877.0371
9627.9375
141.55013
658.7626
14.183818
268.602
341.0236
218.65768
1874.4558
340.25867
304.6187
35.997837
6287.35
113.60657
682.0169
31.47748
47.14005
51.308144
212.811
51.348885
44.66238
90.176346
338.39584
12.296026
327.22873
10.681425
106.128334
199.29535
305.8754
344.306
36.67627
141.4328
198.09615
305.06934
25.153637
38.32982
15.529269
722.1794
57.765747
49.645496
2609.5146
85.70854
43.144318
1552.994
381.69998
16.073195
32.950645
11.186908
8.697223
24.327038
26.859072
72.73601
33.88937
45.775154
1440.7439
72.85337
30.857378
1262.9401
249.23431
431.37384
36.83354
188.1506
44.18755
576.79767
31.030035
57.84563
23.231663
579.1286
62.92742
322.1818
123.33047
4.866389
113.88237
57.871616
11.525159
405.5187
667.0658
149.7571
456.55765
8.656048
22.609854
50.80529
59.489944
32.23738
65.42338
35.256023
737.19147
33.1846
474.70544
55.347202
9.670684
158.61324
33.537617
29.651281
4.2581472
25.334105
60.491985
236.46716
1538.6105
66.4364
29.842417
3018.3384
279.4928
35.44102
159.95042
271.26923
524.75494
326.9979
1019.6387
13.140043
579.7854
40.839676
36.981853
72.81381
22.883965
236.4702
4868.065
125.416565
19.48923
40.580788
36.34469
14.51101
62.932102
182.18173
73.584175
86.73489
408.09885
123.95985
1542.2979
72.8884
35.873066
16.261595
35.340305
339.71124
29.434538
32.478565
157.77863
1749.5393
1293.5256
1329.1426
75.6508
41.23249
32.16539
25.909956
590.6768
44.90204
23.002907
17.214447
770.6446
232.7559
18.981617
107.76306
960.8399
104.171394
1010.8479
1066.025
25.869938
5.6922884
45.496624
186.49501
10.656551
455.17557
42.49991
23.089348
78.235916
536.1519
257.59027
37.22197
417.20947
918.9793
83.18743
57.17146
379.93298
814.02966
1736.0864
10.655226
650.9272
62.998577
48.654808
47.370403
30.987959
127.42537
37.411427
3497.592
15.606177
5.479369
69.01866
175.37514
10.14841
38.597446
19.35329
175.31358
394.1189
35.197742
664.13855
201.20372
60.261585
796.29626
55.80516
434.56625
36.601475
4831.6973
48.921482
79.2721
38.178616
143.1588
31.237942
150.84344
705.2802
383.56262
134.21835
11.665363
75.49354
918.7974
67.41132
19.659594
1030.3541
14.478695
353.71405
454.0795
131.09349
11.199581
99.51686
6.825796
104.90961
403.89328
5.2585096
884.41754
645.19525
14.276167
200.60841
793.5198
324.7584
283.8626
1395.5297
19.948587
934.9925
13.019233
46.28809
986.8273
24.42956
90.76312
232.62975
966.04913
39.55988
103.50553
31.424212
113.46321
11.3890915
26.877283
998.33344
23.014076
33.20603
39.6656
14.111648
80.842964
24.966429
1347.0924
61.238037
23.4302
22.50219
3.7758014
164.59885
932.43066
532.0161
497.0187
21.051102
283.7756
3750.3687
58.284367
560.41235
32.369705
37.008423
59.28252
78.11167
147.85844
38.676414
169.56638
211.10567
63.830517
1227.0171
121.68798
413.80838
21.67112
538.8069
1030.8698
89.53263
70.30215
854.77704
41.46776
29.646221
237.3613
60.682167
446.5707
29.601484
7.458443
71.13923
392.3943
392.5468
1924.485
58.762814
161.7858
863.561
157.10783
53.543556
143.05533
247.04832
308.76492
9.130621
30.85467
1320.9043
148.61272
80.7165
49.476124
12.00643
37.562065
27.242332
20.428406
846.9143
15.222508
20.113062
457.13034
12.9335375
326.29388
104.213524
677.38257
156.84654
38.94682
66.4303
52.247906
27.792294
291.0674
25.022062
528.0864
345.89944
36.142384
80.4745
435.0732
20.890545
392.2246
7.9598994
100.76909
224.07687
6.291635
1378.0925
616.1239
582.3453
886.1559
2073.8088
137.09627
27.858921
17.169771
272.34222
15.43709
690.5537
16.896744
30.843029
663.81244
675.28015
201.30122
2598.61
121.219055
22.752375
6.117643
41.579746
214.8192
16.424032
675.87683
82.88252
191.99936
460.51773
31.152225
21.5462
4.6264067
1196.9061
191.75818
49.182568
152.40707
15.975376
807.02155
30.935047
24.858883
48.589725
653.25903
11.648985
283.91327
17.80079
121.013626
1075.7178
83.94116
25.093952
3769.4016
11.640459
150.7067
15.561943
33.216545
310.49634
17.009077
15.505836
79.43291
31.2494
212.55838
32.205723
73.14929
76.14477
5.353189
7.2118063
54.331482
161.16351
460.93362
20.28415
99.43181
298.80264
60.91145
95.949524
53.27787
108.15255
520.87787
24.654716
523.7625
1922.3856
27.317625
143.9589
29.136118
21.351393
38.195187
990.8899
630.6302
642.3034
770.73865
32.41435
156.62912
24.36709
3.6055934
41.125164
40.933933
104.61168
119.774254
136.95566
16.486502
470.29373
9.96138
39.420242
26.834
530.8459
84.07119
47.33754
408.13507
32.07949
199.99428
11.849781
40.93849
95.07418
864.4064
3263.6545
978.7649
34.025303
30.915768
149.89076
17.747303
776.2793
101.37581
162.18335
19.437683
45.77801
39.72084
652.165
2296.6401
129.95119
300.03677
331.72397
211.56802
22.769829
28.523785
55.03613
1334.1621
19.27743
61.319767
88.597336
26.34947
118.38505
1312.9575
82.62776
49.979908
50.342613
79.840096
28.809834
92.13311
1433.6326
614.1173
193.82928
64.62329
88.64166
11.15241
18.417082
219.95963
73.1487
227.8674
349.03632
106.57256
216.84933
21.946037
29.491373
341.15173
166.28984
33.52663
24.447569
518.6297
1894.7688
25.452818
16.879839
72.626076
70.853836
1229.3527
1109.8446
61.644745
935.18024
149.1463
251415.97
1141.7006
47.240665
724.5628
41.905342
61.02105
424.2191
10.875753
75.531456
53.37357
288.71872
169.10768
384.07767
470.8482
37.18328
51.29883
212.50902
42.900723
647.6074
37.563274
101.44273
539.82166
44.723396
167.15367
55.329338
597.1677
88.64644
31.219307
105.38697
572.6611
5.381114
478.20483
20.546816
127.12659
28.989952
13.708558
35.20968
561.0351
516.77606
658.24005
10.5898695
48.892506
14.145416
65.49707
93.54558
6.316684
559.7188
259.54694
540.0516
7.2440925
35.185234
332.38104
29.301552
50.300537
51.918766
7.80336
35.282562
24.162804
2289.5884
1648.7662
223.16891
74.93948
121.094955
40.479733
19.754429
22.073267
23.914951
154.85114
1344.0587
865.54596
109.51433
2751.8645
55.507633
971.0133
10.592625
312.02533
314.55374
18.18271
36.806793
312.5935
374.0603
91.31143
43.515533
316.1525
1737.7917
14.475129
60.770977
71.84413
51.669643
1502.8776
74.024506
12.366672
76.52434
267.84485
29.708103
39.791084
266.77072
46.77571
673.46814
27.683758
704.7591
30.093582
21.71305
57.085052
94.32572
136.10146
950.5546
94.55611
1040.0101
138.51463
24.795895
88.64948
26.895758
311.13034
296.1679
16.90128
22.373137
1665.8008
9.64345
540.77875
273.73114
171.86183
52.85953
986.1645
22.524837
214.68925
143.73288
14.572331
1470.6819
94.32374
111.188705
21.98406
301.61353
58.807632
138.54118
91.025566
38.853016
40.161976
14.183892
35.47509
173.3427
27.128706
22.67394
2718.159
292.57147
34.025764
18.518423
21.302801
50.865356
52.18339
339.3866
1928.5656
29.627821
487.47546
7.9104214
53.542282
14.902557
12.177548
1066.1953
1359.554
16.278616
33.71117
27.878893
9.6327305
340.45865
14.1722
14.702815
118.7611
3108.0476
49.79544
19.113846
10.280133
676.25946
73.64037
2924.4248
20.585299
57.17381
738.8267
416.30804
695.9137
16.32989
44.046803
390.32532
40.420776
39.65641
114.586136
41.12534
50.49324
7.686303
46.723057
30.174639
16.198072
540.1703
3.851862
6.8900995
51.367115
65.47109
342.46558
19.974524
35.271786
71.39147
2608.217
64.16599
1388.0919
54.957428
20.147566
368.34763
292.7754
20.047226
642.3447
27.48732
39.27003
90.70502
823.54114
458.99606
109.20155
73.91678
233.13367
445.61542
31.56808
43.471363
323.6148
5.687028
252.4245
353.42407
120.99742
74.859375
237.52344
8.675942
14006.643
870.2858
45.80581
106.50977
60.83955
82.75153
9.215336
47.032322
26.806019
33.598232
6.3474655
7.1463714
26.023329
948.58185
1221.1215
14.882077
90.36837
36.84415
13.307894
397.7557
585.21747
35.87354
77.85164
143.63402
71.39967
219.8598
26.291235
150.9341
449.3724
411.49994
312.98663
1175.4374
55.72076
15.909824
113.542175
117.96648
900.827
57.11048
452.92755
34.48422
350.9107
15.033816
103.31815
2493.5676
137.60884
49.4538
23.979908
13.05255
763.78485
19.881697
20.068148
17.417675
13.50263
584.7296
160.82112
7.346254
37.85777
1202.4309
15.306092
30.877918
561.23016
21.326935
222.33968
4.2581472
52.2043
37.16283
16.165459
21.984426
1119.2482
491.75653
15.051293
168.29951
38.461758
21.854801
44.71021
36.602016
735.16595
18.23265
15.159147
19.394827
58.33608
212.79305
6.125518
368.40332
668.3314
117.80908
419.4546
5655.2515
31.597395
20.240337
649.40967
143.98956
230.52385
14.244732
48.934696
339.80713
14.569159
466.87314
18.481377
34.99673
109.44698
11.761544
22.420929
34.47138
79.1715
8968.706
14.700293
63.45769
32.156456
58.21251
3616.7693
209.71408
52.010498
6.551046
82.48506
143.06195
78.2364
6.4931426
35.898846
128.16277
93.18764
37.461533
28.782146
51.060677
722.5276
4.911891
257.70526
102.67087
75.5379
535.8136
179.8605
88.48141
310.57138
185.15157
97.800125
7781.5195
54.906822
26.882687
1620.0474
92.1025
42.04937
921.8756
76.18192
21.83055
108.77463
20.94559
348.93515
27.31496
8.93852
240.67204
19.973648
118.457275
58.583504
103.576385
376.01172
25.176365
59.21031
79.73597
22.617632
64.30489
213.86409
12.716675
893.99146
9.1362
50.561085
28.17151
6956.8804
63452.348
26.697998
265.62512
65.3349
21.75186
85.54012
32.69538
18.743309
6.992684
1633.5214
61.810486
573.8291
7.039873
21.609962
329.99344
32.253834
31.72154
986.71857
1126.0311
108.108826
166.14433
40.695465
848.85944
35.992054
5.48369
23.81398
225.57657
7114.5747
5.2585096
245.46533
22.507095
21.912031
33.61936
104.73616
37.507305
31.784891
10.919129
20.277603
13.558187
11.897138
272.59235
16.098001
23.439379
21.589323
22.46349
20.431053
27.50181
372.74344
49.090736
2018.4381
112.61997
313.9762
399.5833
11.414937
308.34308
4426.421
438.38077
543.64886
64.14041
810.6639
64.86582
16.93636
17.33193
53.690487
10.493206
9.161116
402.7094
322.19254
40.508717
305.2527
422.4133
217.63174
454.2783
363.48294
56.41684
48.085953
22.165218
147.40279
439.969
183.64194
6.736573
694.6316
646.8994
48.97787
8.567487
30.288742
31.104177
23.094671
2185.4314
245.64154
194.85857
354.77197
35.276672
1068.9509
20.465376
559.92834
293.45996
34.69708
6.824781
70.101
46.30414
153.48373
7.4750614
149.17958
84.16405
572.21533
16.88433
50.209988
6.4179277
625.2651
234.24074
158.3353
46.415363
12.61541
63.141277
28.343006
242.31456
1061.2322
54.317207
33.16689
34.865322
325.84732
25.696678
39.149933
30.444561
39.233055
286.87543
1252.2833
1908.3943
497.95813
9.662919
88.93862
42.615692
11.39851
68.10825
108.366936
256.80215
314.55252
99.654236
559.8296
6.0488462
17.255367
14.0082245
139.24586
32.584282
21.520412
200.90823
200.45018
1107.4641
33.544243
26.390387
6.2568126
47.861805
282.15753
7.3952546
1000.58344
32.2277
1706.9344
675.7405
388.23553
28.691673
141.75404
25.311562
38.73494
27.30413
899.6289
98.88456
16.06677
544.7253
10.870891
35.32629
859.2112
340.54794
20.978994
1173.743
691.6372
786.9823
214.1634
75.03474
167.1701
53.87425
95.04807
329.8813
392.96857
46.367416
5.232557
214.64862
577.2395
125.70892
32.68811
1058.3003
171.9912
258.99704
484.78928
54.49463
260.87158
23.354116
23.909267
98.96211
219.66217
261.5518
60.239002
158.81781
1286.05
39.07547
440.91595
28.09187
55.86549
63.98114
501.13074
162.56242
119.487434
1683.6511
107.24752
99.866295
19.158018
1078.9032
540.18884
79.39448
68.80114
860.8035
310.01697
100.211754
22.404081
307.36368
40.64263
96.88017
155.1527
54.980522
285.29327
51.39206
26.694534
1708.238
16.031242
2359.6685
1632.1067
18.719051
25.691614
30.310818
192.25926
16.428783
10.194757
32.39612
2096.0942
717.0744
213.69894
20.62126
210.32938
159.41963
588.3908
43.848675
22.48535
575.62854
856.10925
297.79602
131.82175
49.48957
524.0875
56.528458
127.17297
15.0001335
112.14229
15.57639
19.144344
1931.0934
81.22317
15.500327
63.21494
61.317867
306.7803
90.57414
119.64434
1378.3107
23.734484
337.0499
26.69418
16.249392
88.17755
1090.659
15.246293
86.50533
742.6786
17.763893
12.541647
107.28884
1717.5402
4703.7607
54.041435
40.04692
4.3482265
618.1208
675.18646
453.7254
95.385506
52.052406
73.80063
5.6922884
88.41367
18.063356
366.67303
19.045856
74.12248
10.088697
457.1748
264.52258
249.01717
726.7022
46.8529
305.5521
3059.8296
62.863724
23.939783
19.029028
21.245142
3656.5142
56.479263
32.333042
45.407894
319.10452
370.9719
229.17282
131.93979
8.418578
17.456297
85.580635
78.94019
675.4876
220.86423
37.83237
638.038
17.191801
18.181093
69209.71
21.247198
2014.8877
308.5172
28.456593
78.75416
33.70961
39.579334
1790.9507
6.33324
20.80922
32.311375
102.49604
45.956482
473.9701
38.008625
895.2832
36.35927
14.728158
75.688034
52.54
37.993576
108.835434
36.89392
12.610448
10944.157
1325.6633
169.58571
57.82282
19.278114
25.566105
43.28611
86.56405
3.6055934
28.534601
7.4030766
124.95829
161.94371
696.9129
85.31527
27.342978
11.039937
7.80044
32.429134
6900.05
109.50665
45.85099
12.192463
19.61651
25.079163
1162.3065
118.96865
6.8294067
51.012344
12.746651
285.6517
42.276363
5753.289
25.831312
1356.3998
35.021374
16.174513
3059.2957
171.56535
13.02343
27.754974
105.05398
10.945669
29.242504
168.4173
42.892586
390.19
13.9521475
1162.281
12.533863
962.6206
52.673275
76.45158
64.380554
903.7936
353.42154
664.5127
258.13742
35.2537
35.713383
98.71044
30.843264
103.24462
257.43994
35.813972
98.31867
831.7483
26.33906
265.12668
70.87594
20.503822
39.216354
70.48183
156.88925
486.1458
18.94864
20.88265
284.88058
572.8616
41.064243
70.880165
60.923973
51.978947
912.4249
16.295656
667.91406
16.525675
328.22733
139.83832
106.300476
353.08328
17.219946
19.857006
737.33844
20.702188
31.339949
7419.0835
657.7998
106.13167
8.713745
32.02737
237.65453
62.904144
870.4116
33.835606
15.004561
277.89282
61.581783
2473.863
280.4266
738.86053
317.24838
6686.042
36.863148
63.669224
339.38367
35.240265
535.40497
1600.3518
10.65657
190.88776
74.508705
65.81342
34.246117
1960.3788
612.5702
551.0157
1737.9269
1044.0393
313.79868
59.699833
253.32571
3.4722047
14.554876
1365.4832
6.6843257
18.729279
102.25961
43.551365
33.70425
24.769365
130.63354
82.110214
9.30723
31.068092
21.751907
48.254307
11.9125185
22.716282
73.75455
31.688267
118.80041
45.37111
800.4163
14.028212
9.559582
19.845364
378.8374
324.65607
32.86078
7.0333414
3396.9631
579.59717
390.92767
59.87985
515.5361
1015.8781
22.647083
31.09439
547.3615
145.62915
334.13925
25.440397
950.3335
407.8656
50.01486
43.69186
21.266796
27.122324
242.23634
119.18669
271.3031
51.829487
150.0853
33.811142
13.557621
304.3979
519.73804
119.07558
114.498474
23.713867
36.63341
97.983894
1602.0575
20.973143
57.152653
38.34766
79.522385
17.157835
24.112196
10.027296
1377.0507
7.1529202
53.06658
269.86087
24.527163
171.44153
15.622941
24.532825
22.300497
7.964401
568.37994
910.4184
1041.639
2456.289
7.725703
16.43524
1780.9801
10.9638605
113.30561
9.097193
358.25162
14.433265
194.42014
597.9927
16.007334
1401.5809
60.270836
14.62848
50.016827
32.710846
4.6264067
94.684784
15.063331
196.42902
642.9236
364.2276
345.94974
92.93208
50.207104
128.44983
224.54793
2658.3525
200.43152
28.646227
51.232857
77.62353
43.942696
9.806162
87.06324
540.6795
25.570267
6.330969
1448.968
5.8499737
317.223
21.563612
209.34491
159.83766
720.66986
1978.4883
61.353226
23.32437
24.212507
411.77826
1949.6964
25.16137
47.451622
44.912056
165.97589
1242.262
174.21501
24.720375
410.70444
23.182817
587.9639
635.2327
468.8406
33.925175
280.57196
58.812935
45.140213
8.996452
71.467804
31844.404
34.669086
35.746086
171.79448
15.888293
30.29644
397.84293
17.27989
80.58771
78.2311
55.760605
349.596
1829.7102
18.205246
336.6583
72.39228
910.8904
28.754688
469.98798
8.79495
159.6374
9.538118
1303.2805
18.843233
54.841644
18.136147
21.381773
13.890959
32.750206
3536.6748
26.181374
58.077763
223.5177
21.2223
28.797886
57.52013
74.32274
35.907314
52.63609
22.94448
34.503334
825.163
35.864765
5283.9526
6.4077573
163.89336
137.73567
106.835
167.30415
5.7459397
44.899017
18.19268
792.882
93.808815
23.392862
20.743378
117.06348
881.2527
125.70538
641.11365
1094.1057
184.93916
21.474398
627.3171
47.812923
49.998405
34.669216
279.49362
1120.9952
43.180397
315.76797
28.65135
24.095732
51.59653
132.94595
48.962322
356.71133
343.09845
110.902885
24.405237
207.14586
76.48257
16.576527
555.8203
14.089104
78.20254
160.33667
41.2025
3687.0908
23.069803
82.60279
25.932022
38.053944
78.53194
43.969788
153.67406
405.83792
51.031296
885.304
75.838
435.16553
154.14552
106.250206
144.68028
101.49949
344.8701
31.628017
539.5576
9.054621
185.09753
8.471288
390.57178
36.61176
33.057785
15.000333
162.51546
563.311
500.53174
128.30884
484.91483
156.50227
35.024704
1225.6658
22.379192
6.3469343
66.862656
260.8595
10.650475
16.334955
1001.1284
284.37906
623.6506
556.4907
638.85785
84.02479
64.058044
656.26184
29.747143
70.22987
280.86993
30.586245
51.79702
57.912415
11.587867
527.92755
161.40784
31.366425
86.42233
493.078
10.6167555
668.12994
97.60291
52.621384
37.369747
30.691572
78.90271
15.041536
19.241982
625.1279
223.30165
106.68396
65.82033
28.81711
329.19913
120.389336
465.46164
9.741355
43.17204
1224.3783
108.426216
718.45917
1319.5383
533.9074
32.523994
80.25451
23.860191
26.293661
1099.0239
21.743008
199.57797
199.81184
655.6213
72.27243
40.182648
76.250275
85.09356
271.2241
31.722181
33.21594
31.505629
34.098476
7.6134086
36.18012
50.68224
245.09
91.281265
11.5600815
667.8452
24.126251
224.95679
726.39105
4353.534
31.92264
18.436073
783.71826
88.654465
109.92849
52.852016
18.085354
529.9973
10.350765
828.1742
2148.1287
9.374779
168.3016
127.645325
132.84006
1519.2745
433.70013
1384.4431
365.13693
4238.1777
794.3727
7.758526
915.976
158.01392
654.8867
66.154335
23.256008
9.919008
11.088146
103.442924
79.98822
983.03906
48.103764
139.3641
967.78687
48.101677
577.96
5.2038507
842.88794
53.68469
444.10553
15.678809
369.1885
33.0941
90.31289
629.4276
29.88843
444.91052
34.119892
12.693306
126.53421
377.3513
19.46479
30.764776
40.54994
68.88192
25.229177
920.2997
280.0101
20.532747
128.81871
44.93511
221.94722
226.92372
41.5669
15.656489
778.72064
184.68158
15.051595
61.837135
30.187092
19.478476
11.418023
38.452717
30.940454
596.35394
545.04926
17.608856
45.008255
49.245743
486.09296
21.83206
166.13283
529.9528
129.2358
22.75091
15.3608265
20.125011
38.015434
90.19251
14.945288
4121.332
224.62419
75.50682
22.042004
377.8875
14.490972
35.945866
705.20184
95.77756
17.958841
17.964771
400.06866
13.972491
93.873604
66.59106
16.862019
83.753975
117.24922
7.124004
994.2147
32.70701
196.0377
40.92393
26.818989
970.7416
38.666965
21.414373
292.49713
218.94699
78.093834
84.64173
271.30157
59.5324
35.894207
18.055347
17.124111
18.287594
21.178411
40.406776
70.831375
8.396561
31.37421
33.67616
158.96167
17.140776
6.438934
242.27458
697.0285
68.75306
8.395646
64.874664
651.8923
185.84511
51.543835
239.78963
339.86627
1156.4752
21.11832
5.2187815
8.742261
62.208057
117.06515
45.803593
18.365932
21.499254
66.73683
31.961311
81.22465
12.721136
63.90443
445.92383
27.50374
44.408165
1446.6685
108.40803
27.241676
20.0437
174.00969
956.6587
60.34086
13.1632185
403.8176
8.890708
929.44446
13.863789
575.79517
15.911406
156.73416
506.48645
19.47711
173.93005
349.0984
44.93511
26.620821
88.17566
386.8011
17.82984
51.593605
18.074919
373.41788
39.8183
65.874275
27.463816
17.154669
93.141525
73.533066
50.416508
34.372913
1503.5571
87.33791
133.38135
7.8538575
73.22837
79.29682
9.14426
61.98025
971.9338
200.4364
1042.6154
1337.4087
9.14426
64.98811
68.90541
536.23047
148.85216
6.294286
31.520332
10.319426
36.522232
68.37456
47.260372
41.325104
47.18033
146.33849
11.729029
27587.28
24.994928
34.13045
51.765526
545.9716
95.034706
1077.5033
185.52274
1057.7872
46.90332
1197.5004
236.71762
64.80708
2560.292
758.91614
306.8349
118.490204
14.031299
4.0809345
396.95895
277.42188
234.07582
26.572617
33.63652
1587.4004
87.49173
218.3245
88.16044
657.1261
14.183936
119.86967
90.68032
22429.562
13.466523
159.7418
25.616283
7.197165
12079.733
21.459938
293.32974
471.96964
40.21926
56.104202
91.58087
342.6959
10.167664
369.29062
169.54674
28.50607
63.902878
41.39397
730.3059
33.099934
57.675114
551.04224
21.12532
38.08927
11.587733
20.438139
1149.1257
35.83729
726.96906
49.059658
30.193262
226.38312
6.6461577
765.7752
51.158295
53.2623
35.235886
52.89531
162.19063
121.95478
48.59941
51.3446
12.338579
4286.8726
31.771843
1105.1208
91.53272
8.067645
72.65954
15.233854
8.356967
57.381866
178.83572
104.063416
67.536674
29.501396
130.89337
63.165283
473.32755
79.51594
9.4388275
675.02295
28.522594
151.88553
16.750051
1129.0522
151.03021
33.589012
413.4849
17.717548
14.463428
71.090775
5.502487
50.964092
7.408596
446.42508
498.60342
100.42807
27.612776
242.5489
4.6264067
1273.5193
9.611224
40.101143
151.14838
511.88577
5.3521643
60.4364
296.09845
14.215675
33.645164
518.05334
87.56172
69.506996
6.7442417
29.390549
170.91293
35.893097
713.51624
28.899916
26.317343
72.74978
130.00113
77.0026
3224.7644
515.3938
12.900898
619.7789
45.245445
1578.1317
120.872284
50.56996
50.885223
72.978294
572.14166
33.721313
2714.8442
260.8099
84.44259
112.63662
75.2649
214.18933
297.72543
31.531494
26.201113
999.99243
145.02156
114.51168
438.6911
40.3931
257.44513
190.70917
88.41531
51.115635
127.7193
75.80105
12.326006
9.982229
769.77454
255.4005
1002.13196
213.37047
11.411584
1343.4475
87.90774
37.95679
39.851505
14.4162245
238.28339
25.3173
20.798594
71.75142
58.42519
341.17728
239.03847
1400.7043
815.3493
456.27927
55.824112
776.2482
30.21779
46.24491
59.574795
29.731642
22.417032
41.016144
121.9178
67.2371
29.907976
22.184526
13.149957
31.408062
20.219845
662.4193
56.7918
103.78279
6.8643103
131.84608
34.140583
237.81163
245.66895
11.738812
44.607857
262.92615
123.893776
36.25834
160.74944
38.894623
11280.68
82.922485
170.55862
125.37853
15.018351
1061.1249
803.094
32.669964
22.887003
54.42406
19.237968
457.95523
66.06235
962.3471
52.314457
35.46329
1321.3365
22.932405
34.95708
1216.5051
25.163307
271.59695
44.61612
242.03107
18.038765
184.15819
1196.4673
629.84973
201.53114
12.750799
1288.3273
1253.8638
59.541763
5.382383
47.062332
57.280148
436.43542
15.274286
13.855753
73.35454
125.9962
32.836796
3181.7769
216.45244
46.560028
231.05121
16.330488
359.79495
5419.368
37.552116
572.19025
203.64331
2157.7273
35.55388
831.66974
450.808
36.639843
165.15494
154.76433
92.24314
680.9894
200.92807
12.828883
71.183266
200.6286
29.090971
55.668736
15.023759
134.44254
78.13175
2897.9941
507.65402
97.905426
619.4734
54.76385
1035.1871
40.810436
555.8193
33.38455
461.6135
562.59235
73.64128
10.351493
9.726765
5.7459397
899.09753
31.447474
47.049194
654.6073
4.6264067
543.312
51.60347
176.8135
360.3614
14.245009
855.3421
21.984543
458.79147
153.44905
53.416676
47.66157
144.73886
42.331593
213.17043
66.14256
155.84769
49.57955
89.24313
128.05849
24.054272
114.92934
157.47693
984.69977
32.855835
21.02266
97.16224
40.61571
8.908981
762.956
80.87419
15.882067
90.15571
6.7725096
494.42355
113.10701
505.6556
4.604508
10.565034
1826.7471
149.27122
19.466341
10.458732
71.22099
82.56837
78.01876
52.83413
1421.65
379.10413
478.02356
135.95346
1241.5093
126.064766
20.686567
97.9094
153.50195
22.001019
15.943201
4795.596
53.882545
209.71408
1102.1338
37.95708
254.49698
257.9328
459.9112
750.263
9.205365
244.75705
18.438992
47.96288
906.8197
8.97263
8.899014
14.701053
66.66162
131.50119
506.932
183.16689
5.5976796
13.627695
201.41328
30.08143
68.21431
43.867416
38.072323
78.59536
1858.6913
244.3235
6.4523635
145.25119
90.04281
419.88605
54.306423
492.9494
339.4617
43.31005
26.854649
48.240585
469.3696
271.04242
17.608337
665.2238
8.002834
71.05922
188.3647
796.2355
17.757406
20.44969
285.16882
347.0324
222.23643
119.45416
445.40237
58.931087
12.065257
2335.7031
118.51891
10.420817
829.27985
422.7059
452.34372
50.713505
18.870245
2133.8198
424.1064
281.6282
60.30033
161.82182
91.63709
1721.0934
40.88352
14.850058
12.649627
300.3156
577.27094
4945.5605
1676.9865
61.223873
9.1505785
422.1942
211.69356
397.11325
19.447474
275.19366
1019.12146
21.14002
115.89372
754.70435
23.88668
32.31259
656.3373
28.147429
3528.953
75.19606
12.801258
19.663898
17.023235
10857.197
45.163788
133.60828
898.2658
2034.3455
30.116405
32.742596
69.827934
17.09067
96.52939
22.262892
53.807793
469.39444
598.22
57.908028
16.84652
2961.7017
202.73944
39.05418
57.781284
478.92868
1569.0967
14.90119
18.118483
9.694108
18.82572
297.80893
62.394768
48.098373
15.200452
40.542126
49.349934
15.037297
29.03245
1125.5522
22.791025
89.07889
27.845545
132.12627
754.6569
35.941418
2521.198
672.9523
53.049885
178.6488
218.76521
17.020006
62.8642
42798.527
615.90594
2654.355
11.878762
245.33556
28.77881
502.59024
56.13029
9.017458
280.72897
17.429323
36.087933
306.74667
718.6887
18.522013
80.91361
39.684067
420.28244
6430.8853
396.83234
39.5266
142.6125
330.48145
8.903509
60.607994
708.52655
9.805255
56.732037
76.81033
247.83992
45.023216
127.46979
30.309473
24.388311
16.236952
85.64379
233.50917
15.165136
275.2502
22.984581
9.568635
1617.8549
21.489172
698.63837
124.43374
635.6181
27.945229
212.80655
1273.6316
39.663235
25.892946
496.04846
12.912604
102.60259
1275.7335
83.88627
113.27666
1775.0275
87.46916
533.1742
76.85818
18.903969
26.10097
846.3289
596.6452
1333.022
129.81895
186.92049
35.641636
581.3176
201.19423
21.492975
49.179955
325.14548
38.99746
34.785347
43.101578
10.388138
332.41052
100.925415
279.95923
47.09791
296.79562
6905.6455
721.47205
480.71582
18.939734
289.2044
138.8881
8.823137
53.67921
23.678297
34.450356
477.73215
63.398262
38.890903
513.7381
19.061937
345.9695
18.17649
49.145412
478.0929
76.81784
56.80534
3557.0615
4.7001824
59.515453
248.8822
81.79837
262.91412
21.12551
21.391283
70.03064
18.62843
693.5424
126.756325
109.215614
10.043959
52.721146
17.936401
69.47439
928.78394
57.451134
78.241104
911.27576
131.35466
399.68924
61.876896
49.24276
24.536386
5.5942874
6.882278
23.077126
104.548744
286.48773
130.0017
13.129831
20.942812
1195.7881
61.40242
5.3083487
54.960262
39.86559
15.999368
646.56854
155.874
79.592865
313.05634
43.495754
14.979465
204.53046
88.23093
125.90737
61.368435
38.406452
92.40585
12.259831
15.040801
50.19269
748.7516
134.97157
797.0225
333.41714
88.7592
14.997425
17.50414
15.995843
139.14842
189.55956
130.39723
24.850344
19.324612
167.22408
1004.3334
37.04302
131.22484
9.643308
193.32439
276.48962
37.516243
142.5231
29.651585
38.177116
41.97884
341.43704
249.40242
50.259335
62.86897
68.36546
45.398876
52.406124
633.7608
37.537064
120.665085
121.42993
1306.4862
147.23271
479.13425
1512.6626
105.17171
332.26093
23.46076
94.13777
12.689451
24.354301
40.016438
809.2535
43.471176
17.256731
13.215843
20.5879
127.412964
9.188089
11.628177
103.8719
76.18108
174.88695
102.78652
38.593975
748.92053
2071.0586
391.81335
16.606468
138.32309
62.865757
197.8759
68.60428
233.4004
25.308212
11.65049
142.74728
45.744923
12.371794
217.4608
74.774536
71.97601
526.7754
258.92096
105.86329
51.880955
2532.3188
1026.977
40.491882
633.42096
1088.0669
18.27622
7.586543
228.14203
71.0828
47.1755
44.294613
67.049675
9289.931
31.293097
130.09781
763.0659
50.31511
26.28553
33.46292
833.72614
193.36365
27.349203
125.55239
3750.3687
1712.4496
66.8895
70.36483
47.60203
47.332405
14.123303
874.68036
128.03383
16.992321
11.178302
7.2927947
33.160812
15.470718
191.84937
48.103775
49.28207
60.214996
32.883656
808.76166
38.138443
23.267183
17.444065
192.21721
902.4633
16.621433
140.71623
41.12331
125.060936
31.408415
45.84638
110.813866
46.471348
407.98074
113.409065
10.771103
5.804718
197.11949
126.01668
1206.0562
134.36517
64.62896
682.36145
9.763002
63.71894
613.8161
122.17125
52.42533
182.85423
5.3194075
1184.4446
777.1864
857.49176
592.6333
2882.2974
1056.0304
33.269444
145.27397
12.288419
499.5525
28.527885
33.271378
53.587975
14.609222
20.8728
3.472205
225.83368
1882.4429
971.8833
578.9759
16.031683
139.18579
476.88727
491.1496
357.94443
74.51695
290.4881
522.4472
20.29261
25.299965
20.763025
13.123719
112.790924
61.937824
30.747301
553.9238
1175.4015
33.752533
17.157225
1024.359
40.772285
42.26695
15.109522
387.3387
461.55783
89.438156
176.70235
57.657898
469.71866
417.4807
4.960473
86.760826
330.8739
299.16193
348.2629
36.317337
151.03021
242.49823
69.09374
53.37409
1575.9862
11.188707
286.83044
56.651104
38.44137
16.241325
38.193375
227.81427
13.919009
714.6126
25.807606
79.17501
46.318203
138.38582
55.704506
780.32495
79.95073
72.43303
1334.32
394.33716
10.351622
482.11957
13.550641
48.56448
382.4265
49.990643
1156.1979
16.18291
451.21317
23.53796
16.043137
112.40451
978.3254
202.23291
10.125337
23.017994
1056.4624
591.6389
254.7523
342.08237
148.69897
34.200356
52.199944
10.503444
10.521195
87.74914
1053.1514
700.0784
114.70963
724.293
137.58542
19.843815
1105.843
31.029028
676.29395
21.581331
9.463629
8.213459
7.86532
198.00578
246.06216
44.358852
429.52164
27.586855
12.274589
10.376398
155.16483
20.88866
264.245
154.14552
2147.2786
973.77594
41.12342
39.600014
342.86932
1517.9639
20.531628
103.77918
647.6096
65.03681
36.545773
204.5522
89.53758
1962.254
229.243
7.046317
2558.144
83.73033
289.2531
454.0849
109.420425
533.32904
20.683071
66.20492
46.730488
36.451977
3971.0093
4719.438
551.4928
40.136047
664.1487
72.46094
277.6724
10.012003
30.152596
3412.0999
28.960455
883.27075
16.11477
96.72521
269.82846
56.341488
67.143265
54.9918
85.54857
8112.7104
49.30099
83.42447
679.3894
29.551392
43.720215
120.78246
1726.7317
43.74966
11.992573
101.04927
148.04987
30.635754
652.9581
27.736351
42.849255
6.619454
47.791473
89.571236
30.988892
2665.9688
1356.9672
850.2668
161.36319
19.923557
368.19995
383.7659
599.76373
40.3077
27.202982
58.932972
33.7895
11.31154
308.157
337.43503
10.388135
179.50484
31.767214
542.05334
753.16394
523.30865
9.468607
255.91566
13.177279
250.77261
18.856613
5.560695
14.3857355
13.07587
27.929922
724.4184
22.366999
1631.0634
310.15332
23.451002
849.4352
20.291798
22.945904
2611.2646
198.1466
22.021553
157.64679
12.738414
426.6628
1633.7534
546.9785
144.23703
730.0816
454.86984
238.4964
224.34009
17.109762
19.319088
204.39795
936.6739
35.741997
67.73047
622.08984
118.08996
99.944374
919.9623
37.72168
51.654602
46.08265
1308.2517
26.792057
11.339136
39.799316
14.878463
875.82306
15.657052
2941.5896
928.0831
343.45172
18.830332
6.743697
62.521408
951.29236
80.65802
724.0941
378.6687
70.43671
4.6264067
9.759586
418.1938
47.118702
1501.1909
203.7255
143.08597
186.92049
489.20398
396.81076
79.927444
125.52228
185.82481
24.674662
13.78576
48.762856
41.47287
48.79431
669.4822
273.67004
24.983936
27.34546
823.6158
16.615711
101.50578
198.08246
75.78157
22.846485
62.9765
390.99347
339.76596
67.61852
88.02178
7.753873
56.7598
236.13477
27.882881
80.711494
48.504204
32.49403
34.932587
17.1117
155.16113
15.228589
19.449884
39.90389
719.28735
56.002983
116.46789
130.72957
45.67771
136.04884
396.4966
14.974637
31.662323
62.888245
406.64896
667.70416
23.439068
373.7993
179.595
7.67233
78.334435
356.68396
1615.127
52.994324
15.335564
55.31433
27.424274
30.914478
64.85849
172.2765
74.59569
435.98865
37.572098
458.53122
1045.1869
286.30844
34.362732
195.26598
32.00731
19.904072
23.200977
1056.605
22.697897
541.25757
43.23958
519.4316
10.733925
8.553844
17.36775
611.0649
246.29295
84.1844
76.24217
16.835299
9.676934
128.3952
270.7505
40.068096
272.70908
1010.00903
12.139154
21.817656
26.825167
18.11023
51.859806
33.421173
48.44483
947.1893
45.5671
190.03578
115.14838
510.63223
27.419397
56.818832
344.02094
15.727471
22.783623
51.901627
51.52482
23.789028
32.679165
2491.786
130.16762
14.380128
174.7614
850.9364
150.59601
30.159893
915.54846
218.59003
29.815903
853.6829
10.293033
13.646934
26.237314
68.818985
1692.256
75.12915
114.71773
9.9053135
679.5378
38.67919
23.473785
250.0043
73.07737
90.01563
580.11224
70.90018
54.96786
4.414957
46.422768
11.852841
32.335564
15.500165
451.13916
205.69846
1120.6254
193.47977
4762.6895
43.021416
59.74725
395.02444
42.12722
20.071234
22.095356
34.838135
12.348726
749.7576
24.228752
565.98694
98.21924
91.87857
119.246666
728.70264
549.4818
22.388443
41.53923
974.12976
14.892931
352.32883
137.96428
313.72806
81.33739
934.7447
563.2452
21.013313
69.430214
265.0032
837.7083
127.29941
67.78924
29.347345
34.043495
31.181162
49.71082
270.24695
121.907455
273.01562
151.97414
68.661125
53.65077
21.553173
31.2232
1939.5853
906.1977
60.708015
88.162544
27.187338
152.67474
1088.753
24.031618
100.56992
21.45294
18.120102
12.768611
100.05203
259.6482
564.5064
285.94714
21.808746
36.76196
44.863438
108.664
19.882029
42.383026
29.351643
326.24127
10.655226
212.79578
56.046497
16.907198
1177.8466
103.43227
34.17825
13.660887
258.18936
48.367416
203.04642
15.464268
11.6387
8.232892
16.102972
10.972006
73.29097
78.92698
43.743267
26.702478
4.864363
133.49231
827.5367
925.2931
58.705482
204.12221
13176.671
41.838085
139.56699
285.09747
199.07387
76.007935
155.14404
133.01299
133.85002
1176.8563
26.988106
8.481338
48.96418
852.7744
758.18365
2743.431
408.82104
415.00806
5.127683
37.920048
300.34998
2914.9314
7525.1377
512.09796
91.90074
8.056913
9.0379095
639.65985
155.56183
101.32101
288.2668
35.809277
24.89213
112.80244
7210.442
24.759935
370.23672
901.38513
34.504566
15.78041
88.32438
15.324552
87.55655
3781.4849
11.22526
97.18351
63.42363
118.754524
29.27725
66.87866
138.68971
53.291706
125.169395
319.59424
227.94554
137.5132
141.78885
35.092644
31.227152
5.1625485
8.997988
41.944557
1496.4117
62.988636
44.042633
29.769436
85.410355
426.6919
17412.375
25.303686
83.57525
12.702997
6.8975663
353.3036
34.8577
427.0538
344.05817
106.2723
24.335878
11.340523
91.56332
216.69904
49.392303
283.44373
30.025434
26.50974
15.058709
482.91125
33.78223
59.998173
45.58179
30.904108
112.09583
15.140491
175.9447
58.8524
53.658607
621.3297
32.225468
677.27435
11.4155245
921.0012
19.621922
8.904344
5.5220766
154.2355
26.763622
869.38916
87.528694
274.64398
453.73212
179.22919
544.1487
222.15369
7.541724
60.36647
39.624836
535.3107
7.505381
